Timestep, S, V, S+V, I+VI, R, I, VI
1, 199994, 0, 199994, 6, 0, 6, 0
2, 199988, 0, 199988, 12, 0, 12, 0
3, 199983, 0, 199983, 17, 0, 17, 0
4, 199973, 0, 199979, 21, 6, 21, 0
5, 199965, 0, 199977, 23, 12, 23, 0
6, 199957, 0, 199974, 26, 17, 26, 0
7, 199941, 0, 199968, 32, 27, 32, 0
8, 199930, 0, 199965, 35, 35, 35, 0
9, 199918, 0, 199961, 39, 43, 39, 0
10, 199901, 0, 199960, 40, 59, 40, 0
11, 199881, 0, 199951, 49, 70, 49, 0
12, 199860, 0, 199942, 58, 82, 58, 0
13, 199839, 0, 199938, 62, 99, 62, 0
14, 199815, 0, 199934, 66, 119, 66, 0
15, 199793, 0, 199933, 67, 140, 67, 0
16, 199772, 0, 199933, 67, 161, 67, 0
17, 199749, 0, 199934, 66, 185, 66, 0
18, 199732, 0, 199939, 61, 207, 61, 0
19, 199716, 0, 199944, 56, 228, 56, 0
20, 199695, 0, 199946, 54, 251, 54, 0
21, 199680, 0, 199948, 52, 268, 52, 0
22, 199666, 0, 199950, 50, 284, 50, 0
23, 199650, 0, 199955, 45, 305, 45, 0
24, 199630, 0, 199950, 50, 320, 50, 0
25, 199606, 0, 199940, 60, 334, 60, 0
26, 199583, 0, 199933, 67, 350, 67, 0
27, 199559, 0, 199929, 71, 370, 71, 0
28, 199540, 0, 199934, 66, 394, 66, 0
29, 199520, 0, 199937, 63, 417, 63, 0
30, 199502, 0, 199943, 57, 441, 57, 0
31, 199483, 0, 199943, 57, 460, 57, 0
32, 199469, 0, 199949, 51, 480, 51, 0
33, 199445, 0, 199943, 57, 498, 57, 0
34, 199429, 0, 199946, 54, 517, 54, 0
35, 199410, 0, 199941, 59, 531, 59, 0
36, 199387, 0, 199942, 58, 555, 58, 0
37, 199367, 0, 199938, 62, 571, 62, 0
38, 199347, 0, 199937, 63, 590, 63, 0
39, 199322, 0, 199935, 65, 613, 65, 0
40, 199296, 0, 199929, 71, 633, 71, 0
41, 199267, 0, 199920, 80, 653, 80, 0
42, 199231, 0, 199909, 91, 678, 91, 0
43, 199194, 0, 199898, 102, 704, 102, 0
44, 199151, 0, 199884, 116, 733, 116, 0
45, 199103, 0, 199872, 128, 769, 128, 0
46, 199068, 0, 199874, 126, 806, 126, 0
47, 199016, 0, 199865, 135, 849, 135, 0
48, 198972, 0, 199869, 131, 897, 131, 0
49, 198924, 0, 199856, 144, 932, 144, 0
50, 198878, 0, 199862, 138, 984, 138, 0
51, 198428, 400, 199856, 144, 1028, 144, 0
52, 197965, 800, 199841, 159, 1076, 159, 0
53, 197501, 1200, 199823, 177, 1122, 177, 0
54, 197031, 1600, 199803, 197, 1172, 197, 0
55, 196551, 1999, 199785, 215, 1235, 214, 1
56, 196092, 2399, 199790, 210, 1299, 209, 1
57, 195611, 2799, 199779, 221, 1369, 220, 1
58, 195132, 3198, 199780, 220, 1450, 219, 1
59, 194660, 3597, 199766, 234, 1509, 232, 2
60, 194185, 3997, 199772, 228, 1590, 226, 2
61, 193714, 4394, 199778, 222, 1670, 218, 4
62, 193249, 4793, 199785, 215, 1743, 211, 4
63, 192778, 5192, 199788, 212, 1818, 208, 4
64, 192313, 5589, 199794, 206, 1892, 202, 4
65, 191836, 5988, 199782, 218, 1958, 214, 4
66, 191382, 6386, 199798, 202, 2030, 198, 4
67, 190915, 6784, 199797, 203, 2098, 200, 3
68, 190438, 7184, 199798, 202, 2176, 199, 3
69, 189984, 7583, 199799, 201, 2232, 199, 2
70, 189525, 7983, 199809, 191, 2301, 190, 1
71, 189078, 8382, 199838, 162, 2378, 160, 2
72, 188623, 8780, 199836, 164, 2433, 163, 1
73, 188165, 9178, 199835, 165, 2492, 162, 3
74, 187711, 9578, 199829, 171, 2540, 168, 3
75, 187253, 9976, 199826, 174, 2597, 171, 3
76, 186788, 10376, 199821, 179, 2657, 177, 2
77, 186338, 10776, 199825, 175, 2711, 173, 2
78, 185877, 11175, 199823, 177, 2771, 176, 1
79, 185421, 11574, 199831, 169, 2836, 167, 2
80, 184979, 11974, 199839, 161, 2886, 159, 2
81, 184530, 12372, 199850, 150, 2948, 148, 2
82, 184083, 12771, 199859, 141, 3005, 139, 2
83, 183628, 13170, 199845, 155, 3047, 152, 3
84, 183178, 13568, 199844, 156, 3098, 153, 3
85, 182723, 13968, 199837, 163, 3146, 160, 3
86, 182268, 14364, 199834, 166, 3202, 161, 5
87, 181816, 14763, 199833, 167, 3254, 165, 2
88, 181371, 15161, 199841, 159, 3309, 155, 4
89, 180928, 15560, 199856, 144, 3368, 143, 1
90, 180496, 15956, 199873, 127, 3421, 124, 3
91, 180070, 16356, 199894, 106, 3468, 104, 2
92, 179633, 16752, 199897, 103, 3512, 97, 6
93, 179205, 17148, 199901, 99, 3548, 92, 7
94, 178768, 17548, 199890, 110, 3574, 106, 4
95, 178334, 17946, 199895, 105, 3615, 102, 3
96, 177897, 18345, 199889, 111, 3647, 108, 3
97, 177473, 18743, 199900, 100, 3684, 96, 4
98, 177048, 19142, 199910, 90, 3720, 87, 3
99, 176622, 19541, 199921, 79, 3758, 76, 3
100, 176200, 19940, 199924, 76, 3784, 74, 2
101, 175777, 20338, 199925, 75, 3810, 72, 3
102, 175351, 20738, 199926, 74, 3837, 71, 3
103, 174925, 21137, 199922, 78, 3860, 75, 3
104, 174498, 21536, 199919, 81, 3885, 79, 2
105, 174070, 21936, 199917, 83, 3911, 81, 2
106, 173649, 22334, 199921, 79, 3938, 76, 3
107, 173226, 22734, 199926, 74, 3966, 72, 2
108, 172802, 23132, 199928, 72, 3994, 68, 4
109, 172382, 23532, 199931, 69, 4017, 67, 2
110, 171965, 23930, 199935, 65, 4040, 61, 4
111, 171546, 24329, 199941, 59, 4066, 57, 2
112, 171127, 24729, 199942, 58, 4086, 56, 2
113, 170710, 25127, 199942, 58, 4105, 56, 2
114, 170295, 25525, 199945, 55, 4125, 51, 4
115, 169878, 25925, 199947, 53, 4144, 49, 4
116, 169460, 26323, 199946, 54, 4163, 51, 3
117, 169048, 26722, 199950, 50, 4180, 47, 3
118, 168630, 27122, 199949, 51, 4197, 48, 3
119, 168213, 27521, 199951, 49, 4217, 47, 2
120, 167800, 27921, 199951, 49, 4230, 48, 1
121, 167380, 28321, 199949, 51, 4248, 50, 1
122, 166972, 28720, 199958, 42, 4266, 41, 1
123, 166559, 29120, 199958, 42, 4279, 41, 1
124, 166151, 29519, 199969, 31, 4299, 30, 1
125, 165743, 29918, 199969, 31, 4308, 29, 2
126, 165340, 30317, 199978, 22, 4321, 19, 3
127, 164937, 30717, 199984, 16, 4330, 14, 2
128, 164535, 31116, 199990, 10, 4339, 8, 2
129, 164131, 31516, 199990, 10, 4343, 9, 1
130, 163727, 31916, 199989, 11, 4346, 10, 1
131, 163325, 32316, 199990, 10, 4349, 10, 0
132, 162922, 32716, 199991, 9, 4353, 9, 0
133, 162521, 33115, 199993, 7, 4357, 7, 0
134, 162116, 33515, 199990, 10, 4359, 10, 0
135, 161710, 33914, 199986, 14, 4362, 13, 1
136, 161308, 34313, 199985, 15, 4364, 13, 2
137, 160900, 34713, 199982, 18, 4369, 16, 2
138, 160497, 35112, 199985, 15, 4376, 13, 2
139, 160095, 35511, 199985, 15, 4379, 13, 2
140, 159691, 35911, 199989, 11, 4387, 10, 1
141, 159288, 36311, 199990, 10, 4391, 9, 1
142, 158888, 36711, 199993, 7, 4394, 7, 0
143, 158485, 37111, 199994, 6, 4398, 6, 0
144, 158084, 37511, 199996, 4, 4401, 4, 0
145, 157683, 37911, 199995, 5, 4401, 5, 0
146, 157283, 38310, 199997, 3, 4404, 2, 1
147, 156882, 38710, 199997, 3, 4405, 2, 1
148, 156480, 39110, 199996, 4, 4406, 3, 1
149, 156078, 39510, 199995, 5, 4407, 5, 0
150, 155678, 39910, 199996, 4, 4408, 4, 0
151, 155277, 40310, 199997, 3, 4410, 3, 0
152, 154876, 40710, 199998, 2, 4412, 2, 0
153, 154476, 41110, 199998, 2, 4412, 2, 0
154, 154074, 41510, 199997, 3, 4413, 3, 0
155, 153674, 41910, 199998, 2, 4414, 2, 0
156, 153272, 42310, 199996, 4, 4414, 4, 0
157, 152871, 42710, 199997, 3, 4416, 3, 0
158, 152467, 43110, 199993, 7, 4416, 7, 0
159, 152065, 43510, 199993, 7, 4418, 7, 0
160, 151663, 43910, 199992, 8, 4419, 8, 0
161, 151259, 44310, 199992, 8, 4423, 8, 0
162, 150856, 44710, 199991, 9, 4425, 9, 0
163, 150452, 45110, 199989, 11, 4427, 11, 0
164, 150049, 45510, 199990, 10, 4431, 10, 0
165, 149647, 45909, 199990, 10, 4434, 9, 1
166, 149245, 46309, 199992, 8, 4438, 7, 1
167, 148842, 46708, 199991, 9, 4441, 7, 2
168, 148442, 47107, 199993, 7, 4444, 5, 2
169, 148041, 47507, 199994, 6, 4446, 4, 2
170, 147639, 47907, 199996, 4, 4450, 3, 1
171, 147239, 48307, 199997, 3, 4451, 3, 0
172, 146838, 48707, 199997, 3, 4452, 3, 0
173, 146437, 49107, 199998, 2, 4454, 2, 0
174, 146037, 49507, 199998, 2, 4454, 2, 0
175, 145636, 49907, 199998, 2, 4455, 2, 0
176, 145236, 50307, 199999, 1, 4456, 1, 0
177, 144835, 50707, 199998, 2, 4456, 2, 0
178, 144435, 51107, 199999, 1, 4457, 1, 0
179, 144034, 51507, 199998, 2, 4457, 2, 0
180, 143634, 51907, 199999, 1, 4458, 1, 0
181, 143233, 52307, 199998, 2, 4458, 2, 0
182, 142833, 52707, 199999, 1, 4459, 1, 0
183, 142433, 53107, 199999, 1, 4459, 1, 0
184, 142033, 53507, 200000, 0, 4460, 0, 0
185, 141633, 53907, 200000, 0, 4460, 0, 0
186, 141233, 54307, 200000, 0, 4460, 0, 0
187, 140833, 54707, 200000, 0, 4460, 0, 0
188, 140433, 55107, 200000, 0, 4460, 0, 0
189, 140033, 55507, 200000, 0, 4460, 0, 0
190, 139633, 55907, 200000, 0, 4460, 0, 0
191, 139233, 56307, 200000, 0, 4460, 0, 0
192, 138833, 56707, 200000, 0, 4460, 0, 0
193, 138433, 57107, 200000, 0, 4460, 0, 0
194, 138033, 57507, 200000, 0, 4460, 0, 0
195, 137633, 57907, 200000, 0, 4460, 0, 0
196, 137233, 58307, 200000, 0, 4460, 0, 0
197, 136833, 58707, 200000, 0, 4460, 0, 0
198, 136433, 59107, 200000, 0, 4460, 0, 0
199, 136033, 59507, 200000, 0, 4460, 0, 0
200, 135633, 59907, 200000, 0, 4460, 0, 0
201, 135233, 60307, 200000, 0, 4460, 0, 0
202, 134833, 60707, 200000, 0, 4460, 0, 0
203, 134433, 61107, 200000, 0, 4460, 0, 0
204, 134033, 61507, 200000, 0, 4460, 0, 0
205, 133633, 61907, 200000, 0, 4460, 0, 0
206, 133233, 62307, 200000, 0, 4460, 0, 0
207, 132833, 62707, 200000, 0, 4460, 0, 0
208, 132433, 63107, 200000, 0, 4460, 0, 0
209, 132033, 63507, 200000, 0, 4460, 0, 0
210, 131633, 63907, 200000, 0, 4460, 0, 0
211, 131233, 64307, 200000, 0, 4460, 0, 0
212, 130833, 64707, 200000, 0, 4460, 0, 0
213, 130433, 65107, 200000, 0, 4460, 0, 0
214, 130033, 65507, 200000, 0, 4460, 0, 0
215, 129633, 65907, 200000, 0, 4460, 0, 0
216, 129233, 66307, 200000, 0, 4460, 0, 0
217, 128833, 66707, 200000, 0, 4460, 0, 0
218, 128433, 67107, 200000, 0, 4460, 0, 0
219, 128033, 67507, 200000, 0, 4460, 0, 0
220, 127633, 67907, 200000, 0, 4460, 0, 0
221, 127233, 68307, 200000, 0, 4460, 0, 0
222, 126833, 68707, 200000, 0, 4460, 0, 0
223, 126433, 69107, 200000, 0, 4460, 0, 0
224, 126033, 69507, 200000, 0, 4460, 0, 0
225, 125633, 69907, 200000, 0, 4460, 0, 0
226, 125233, 70307, 200000, 0, 4460, 0, 0
227, 124833, 70707, 200000, 0, 4460, 0, 0
228, 124433, 71107, 200000, 0, 4460, 0, 0
229, 124033, 71507, 200000, 0, 4460, 0, 0
230, 123633, 71907, 200000, 0, 4460, 0, 0
231, 123233, 72307, 200000, 0, 4460, 0, 0
232, 122833, 72707, 200000, 0, 4460, 0, 0
233, 122433, 73107, 200000, 0, 4460, 0, 0
234, 122033, 73507, 200000, 0, 4460, 0, 0
235, 121633, 73907, 200000, 0, 4460, 0, 0
236, 121233, 74307, 200000, 0, 4460, 0, 0
237, 120833, 74707, 200000, 0, 4460, 0, 0
238, 120433, 75107, 200000, 0, 4460, 0, 0
239, 120033, 75507, 200000, 0, 4460, 0, 0
240, 119633, 75907, 200000, 0, 4460, 0, 0
241, 119233, 76307, 200000, 0, 4460, 0, 0
242, 118833, 76707, 200000, 0, 4460, 0, 0
243, 118433, 77107, 200000, 0, 4460, 0, 0
244, 118033, 77507, 200000, 0, 4460, 0, 0
245, 117633, 77907, 200000, 0, 4460, 0, 0
246, 117233, 78307, 200000, 0, 4460, 0, 0
247, 116833, 78707, 200000, 0, 4460, 0, 0
248, 116433, 79107, 200000, 0, 4460, 0, 0
249, 116033, 79507, 200000, 0, 4460, 0, 0
250, 115633, 79907, 200000, 0, 4460, 0, 0
251, 115233, 80307, 200000, 0, 4460, 0, 0
252, 114833, 80707, 200000, 0, 4460, 0, 0
253, 114433, 81107, 200000, 0, 4460, 0, 0
254, 114033, 81507, 200000, 0, 4460, 0, 0
255, 113633, 81907, 200000, 0, 4460, 0, 0
256, 113233, 82307, 200000, 0, 4460, 0, 0
257, 112833, 82707, 200000, 0, 4460, 0, 0
258, 112433, 83107, 200000, 0, 4460, 0, 0
259, 112033, 83507, 200000, 0, 4460, 0, 0
260, 111633, 83907, 200000, 0, 4460, 0, 0
261, 111233, 84307, 200000, 0, 4460, 0, 0
262, 110833, 84707, 200000, 0, 4460, 0, 0
263, 110433, 85107, 200000, 0, 4460, 0, 0
264, 110033, 85507, 200000, 0, 4460, 0, 0
265, 109633, 85907, 200000, 0, 4460, 0, 0
266, 109233, 86307, 200000, 0, 4460, 0, 0
267, 108833, 86707, 200000, 0, 4460, 0, 0
268, 108433, 87107, 200000, 0, 4460, 0, 0
269, 108033, 87507, 200000, 0, 4460, 0, 0
270, 107633, 87907, 200000, 0, 4460, 0, 0
271, 107233, 88307, 200000, 0, 4460, 0, 0
272, 106833, 88707, 200000, 0, 4460, 0, 0
273, 106433, 89107, 200000, 0, 4460, 0, 0
274, 106033, 89507, 200000, 0, 4460, 0, 0
275, 105633, 89907, 200000, 0, 4460, 0, 0
276, 105233, 90307, 200000, 0, 4460, 0, 0
277, 104833, 90707, 200000, 0, 4460, 0, 0
278, 104433, 91107, 200000, 0, 4460, 0, 0
279, 104033, 91507, 200000, 0, 4460, 0, 0
280, 103633, 91907, 200000, 0, 4460, 0, 0
281, 103233, 92307, 200000, 0, 4460, 0, 0
282, 102833, 92707, 200000, 0, 4460, 0, 0
283, 102433, 93107, 200000, 0, 4460, 0, 0
284, 102033, 93507, 200000, 0, 4460, 0, 0
285, 101633, 93907, 200000, 0, 4460, 0, 0
286, 101233, 94307, 200000, 0, 4460, 0, 0
287, 100833, 94707, 200000, 0, 4460, 0, 0
288, 100433, 95107, 200000, 0, 4460, 0, 0
289, 100033, 95507, 200000, 0, 4460, 0, 0
290, 99633, 95907, 200000, 0, 4460, 0, 0
291, 99233, 96307, 200000, 0, 4460, 0, 0
292, 98833, 96707, 200000, 0, 4460, 0, 0
293, 98433, 97107, 200000, 0, 4460, 0, 0
294, 98033, 97507, 200000, 0, 4460, 0, 0
295, 97633, 97907, 200000, 0, 4460, 0, 0
296, 97233, 98307, 200000, 0, 4460, 0, 0
297, 96833, 98707, 200000, 0, 4460, 0, 0
298, 96433, 99107, 200000, 0, 4460, 0, 0
299, 96033, 99507, 200000, 0, 4460, 0, 0
300, 95633, 99907, 200000, 0, 4460, 0, 0
301, 95233, 100307, 200000, 0, 4460, 0, 0
302, 94833, 100707, 200000, 0, 4460, 0, 0
303, 94433, 101107, 200000, 0, 4460, 0, 0
304, 94033, 101507, 200000, 0, 4460, 0, 0
305, 93633, 101907, 200000, 0, 4460, 0, 0
306, 93233, 102307, 200000, 0, 4460, 0, 0
307, 92833, 102707, 200000, 0, 4460, 0, 0
308, 92433, 103107, 200000, 0, 4460, 0, 0
309, 92033, 103507, 200000, 0, 4460, 0, 0
310, 91633, 103907, 200000, 0, 4460, 0, 0
311, 91233, 104307, 200000, 0, 4460, 0, 0
312, 90833, 104707, 200000, 0, 4460, 0, 0
313, 90433, 105107, 200000, 0, 4460, 0, 0
314, 90033, 105507, 200000, 0, 4460, 0, 0
315, 89633, 105907, 200000, 0, 4460, 0, 0
316, 89233, 106307, 200000, 0, 4460, 0, 0
317, 88833, 106707, 200000, 0, 4460, 0, 0
318, 88433, 107107, 200000, 0, 4460, 0, 0
319, 88033, 107507, 200000, 0, 4460, 0, 0
320, 87633, 107907, 200000, 0, 4460, 0, 0
321, 87233, 108307, 200000, 0, 4460, 0, 0
322, 86833, 108707, 200000, 0, 4460, 0, 0
323, 86433, 109107, 200000, 0, 4460, 0, 0
324, 86033, 109507, 200000, 0, 4460, 0, 0
325, 85633, 109907, 200000, 0, 4460, 0, 0
326, 85233, 110307, 200000, 0, 4460, 0, 0
327, 84833, 110707, 200000, 0, 4460, 0, 0
328, 84433, 111107, 200000, 0, 4460, 0, 0
329, 84033, 111507, 200000, 0, 4460, 0, 0
330, 83633, 111907, 200000, 0, 4460, 0, 0
331, 83233, 112307, 200000, 0, 4460, 0, 0
332, 82833, 112707, 200000, 0, 4460, 0, 0
333, 82433, 113107, 200000, 0, 4460, 0, 0
334, 82033, 113507, 200000, 0, 4460, 0, 0
335, 81633, 113907, 200000, 0, 4460, 0, 0
336, 81233, 114307, 200000, 0, 4460, 0, 0
337, 80833, 114707, 200000, 0, 4460, 0, 0
338, 80433, 115107, 200000, 0, 4460, 0, 0
339, 80033, 115507, 200000, 0, 4460, 0, 0
340, 79633, 115907, 200000, 0, 4460, 0, 0
341, 79233, 116307, 200000, 0, 4460, 0, 0
342, 78833, 116707, 200000, 0, 4460, 0, 0
343, 78433, 117107, 200000, 0, 4460, 0, 0
344, 78033, 117507, 200000, 0, 4460, 0, 0
345, 77633, 117907, 200000, 0, 4460, 0, 0
346, 77233, 118307, 200000, 0, 4460, 0, 0
347, 76833, 118707, 200000, 0, 4460, 0, 0
348, 76433, 119107, 200000, 0, 4460, 0, 0
349, 76033, 119507, 200000, 0, 4460, 0, 0
350, 75633, 119907, 200000, 0, 4460, 0, 0
351, 75233, 120307, 200000, 0, 4460, 0, 0
352, 74833, 120707, 200000, 0, 4460, 0, 0
353, 74433, 121107, 200000, 0, 4460, 0, 0
354, 74033, 121507, 200000, 0, 4460, 0, 0
355, 73633, 121907, 200000, 0, 4460, 0, 0
356, 73233, 122307, 200000, 0, 4460, 0, 0
357, 72833, 122707, 200000, 0, 4460, 0, 0
358, 72433, 123107, 200000, 0, 4460, 0, 0
359, 72033, 123507, 200000, 0, 4460, 0, 0
360, 71633, 123907, 200000, 0, 4460, 0, 0
361, 71233, 124307, 200000, 0, 4460, 0, 0
362, 70833, 124707, 200000, 0, 4460, 0, 0
363, 70433, 125107, 200000, 0, 4460, 0, 0
364, 70033, 125507, 200000, 0, 4460, 0, 0
365, 69633, 125907, 200000, 0, 4460, 0, 0
366, 69233, 126307, 200000, 0, 4460, 0, 0
367, 68833, 126707, 200000, 0, 4460, 0, 0
368, 68433, 127107, 200000, 0, 4460, 0, 0
369, 68033, 127507, 200000, 0, 4460, 0, 0
370, 67633, 127907, 200000, 0, 4460, 0, 0
371, 67233, 128307, 200000, 0, 4460, 0, 0
372, 66833, 128707, 200000, 0, 4460, 0, 0
373, 66433, 129107, 200000, 0, 4460, 0, 0
374, 66033, 129507, 200000, 0, 4460, 0, 0
375, 65633, 129907, 200000, 0, 4460, 0, 0
376, 65233, 130307, 200000, 0, 4460, 0, 0
377, 64833, 130707, 200000, 0, 4460, 0, 0
378, 64433, 131107, 200000, 0, 4460, 0, 0
379, 64033, 131507, 200000, 0, 4460, 0, 0
380, 63633, 131907, 200000, 0, 4460, 0, 0
381, 63233, 132307, 200000, 0, 4460, 0, 0
382, 62833, 132707, 200000, 0, 4460, 0, 0
383, 62433, 133107, 200000, 0, 4460, 0, 0
384, 62033, 133507, 200000, 0, 4460, 0, 0
385, 61633, 133907, 200000, 0, 4460, 0, 0
386, 61233, 134307, 200000, 0, 4460, 0, 0
387, 60833, 134707, 200000, 0, 4460, 0, 0
388, 60433, 135107, 200000, 0, 4460, 0, 0
389, 60033, 135507, 200000, 0, 4460, 0, 0
390, 59633, 135907, 200000, 0, 4460, 0, 0
391, 59233, 136307, 200000, 0, 4460, 0, 0
392, 58833, 136707, 200000, 0, 4460, 0, 0
393, 58433, 137107, 200000, 0, 4460, 0, 0
394, 58033, 137507, 200000, 0, 4460, 0, 0
395, 57633, 137907, 200000, 0, 4460, 0, 0
396, 57233, 138307, 200000, 0, 4460, 0, 0
397, 56833, 138707, 200000, 0, 4460, 0, 0
398, 56433, 139107, 200000, 0, 4460, 0, 0
399, 56033, 139507, 200000, 0, 4460, 0, 0
400, 55633, 139907, 200000, 0, 4460, 0, 0
