Closeness:
[0.08333333333333333, 0.07142857142857142, 0.07142857142857142, 0.06666666666666667, 0.06666666666666667, 0.06666666666666667, 0.0625, 0.0625, 0.058823529411764705, 0.058823529411764705, 0.05555555555555555, 0.05555555555555555, 0.05555555555555555, 0.05263157894736842, 0.05, 0.05, 0.05, 0.047619047619047616, 0.047619047619047616, 0.045454545454545456]

Nearness:
[1.6166666666666667, 1.5999999999999999, 1.2333333333333332, 1.1666666666666667, 1.1666666666666665, 1.1166666666666667, 1.1166666666666667, 1.1166666666666665, 1.0833333333333333, 1.0595238095238095, 1.0333333333333332, 1.0333333333333332, 1.0333333333333332, 0.9916666666666667, 0.9833333333333334, 0.9833333333333334, 0.9833333333333334, 0.9833333333333334, 0.9761904761904762, 0.976190476190476]

Degree
[86, 58, 51, 42, 40, 36, 30, 29, 28, 27, 27, 25, 22, 22, 21, 20, 19, 17, 17, 16]

Adjacency
[0.891774891774892, 0.8759675764499594, 0.8649107519749815, 0.8557108721839509, 0.8479489902016435, 0.8324973793073441, 0.832454389410911, 0.7900083667913625, 0.746903230905063, 0.7222222222222222, 0.7203078551206391, 0.719390547981206, 0.6648256327052366, 0.6440290295492153, 0.6287789661319074, 0.6250259377032831, 0.6169530381445794, 0.6150793650793651, 0.5900344374535798, 0.5847666609276515]