Timestep, S, V, S+V, I+VI, R, I, VI
1, 199994, 0, 199994, 6, 0, 6, 0
2, 199990, 0, 199990, 10, 0, 10, 0
3, 199981, 0, 199981, 19, 0, 19, 0
4, 199966, 0, 199972, 28, 6, 28, 0
5, 199954, 0, 199964, 36, 10, 36, 0
6, 199940, 0, 199959, 41, 19, 41, 0
7, 199927, 0, 199961, 39, 34, 39, 0
8, 199910, 0, 199956, 44, 46, 44, 0
9, 199892, 0, 199952, 48, 60, 48, 0
10, 199867, 0, 199940, 60, 73, 60, 0
11, 199835, 0, 199925, 75, 90, 75, 0
12, 199804, 0, 199912, 88, 108, 88, 0
13, 199774, 0, 199907, 93, 133, 93, 0
14, 199744, 0, 199909, 91, 165, 91, 0
15, 199707, 0, 199903, 97, 196, 97, 0
16, 199670, 0, 199896, 104, 226, 104, 0
17, 199621, 0, 199877, 123, 256, 123, 0
18, 199585, 0, 199878, 122, 293, 122, 0
19, 199540, 0, 199870, 130, 330, 130, 0
20, 199490, 0, 199869, 131, 379, 131, 0
21, 199438, 0, 199853, 147, 415, 147, 0
22, 199385, 0, 199845, 155, 460, 155, 0
23, 199328, 0, 199838, 162, 510, 162, 0
24, 199271, 0, 199833, 167, 562, 167, 0
25, 199224, 0, 199839, 161, 615, 161, 0
26, 199166, 0, 199838, 162, 672, 162, 0
27, 199101, 0, 199830, 170, 729, 170, 0
28, 199033, 0, 199809, 191, 776, 191, 0
29, 198948, 0, 199782, 218, 834, 218, 0
30, 198838, 0, 199737, 263, 899, 263, 0
31, 198752, 0, 199719, 281, 967, 281, 0
32, 198656, 0, 199708, 292, 1052, 292, 0
33, 198538, 0, 199700, 300, 1162, 300, 0
34, 198424, 0, 199672, 328, 1248, 328, 0
35, 198291, 0, 199635, 365, 1344, 365, 0
36, 198170, 0, 199632, 368, 1462, 368, 0
37, 198045, 0, 199621, 379, 1576, 379, 0
38, 197910, 0, 199619, 381, 1709, 381, 0
39, 197782, 0, 199612, 388, 1830, 388, 0
40, 197619, 0, 199574, 426, 1955, 426, 0
41, 197459, 0, 199549, 451, 2090, 451, 0
42, 197299, 0, 199517, 483, 2218, 483, 0
43, 197127, 0, 199508, 492, 2381, 492, 0
44, 196973, 0, 199514, 486, 2541, 486, 0
45, 196814, 0, 199515, 485, 2701, 485, 0
46, 196638, 0, 199511, 489, 2873, 489, 0
47, 196457, 0, 199484, 516, 3027, 516, 0
48, 196271, 0, 199457, 543, 3186, 543, 0
49, 196047, 0, 199409, 591, 3362, 591, 0
50, 195808, 0, 199351, 649, 3543, 649, 0
51, 195186, 397, 199312, 688, 3729, 686, 2
52, 194547, 794, 199294, 706, 3953, 702, 4
53, 193899, 1191, 199282, 718, 4192, 713, 5
54, 193230, 1589, 199236, 764, 4417, 759, 5
55, 192575, 1988, 199222, 778, 4659, 775, 3
56, 191901, 2386, 199197, 803, 4910, 801, 2
57, 191208, 2783, 199172, 828, 5181, 823, 5
58, 190523, 3179, 199139, 861, 5437, 858, 3
59, 189775, 3578, 199066, 934, 5713, 932, 2
60, 189023, 3976, 199008, 992, 6009, 989, 3
61, 188285, 4375, 198958, 1042, 6298, 1040, 2
62, 187542, 4770, 198959, 1041, 6647, 1037, 4
63, 186787, 5169, 198957, 1043, 7001, 1040, 3
64, 186026, 5566, 198932, 1068, 7340, 1063, 5
65, 185288, 5964, 198940, 1060, 7688, 1057, 3
66, 184530, 6357, 198931, 1069, 8044, 1061, 8
67, 183793, 6756, 198957, 1043, 8408, 1036, 7
68, 182994, 7151, 198893, 1107, 8748, 1098, 9
69, 182199, 7547, 198859, 1141, 9113, 1132, 9
70, 181357, 7943, 198751, 1249, 9451, 1237, 12
71, 180499, 8334, 198688, 1312, 9855, 1300, 12
72, 179658, 8726, 198638, 1362, 10254, 1350, 12
73, 178813, 9114, 198627, 1373, 10700, 1355, 18
74, 177977, 9500, 198644, 1356, 11167, 1333, 23
75, 177111, 9895, 198622, 1378, 11616, 1357, 21
76, 176223, 10288, 198584, 1416, 12073, 1399, 17
77, 175348, 10679, 198550, 1450, 12523, 1433, 17
78, 174489, 11071, 198554, 1446, 12994, 1429, 17
79, 173609, 11464, 198562, 1438, 13489, 1421, 17
80, 172728, 11855, 198556, 1444, 13973, 1427, 17
81, 171890, 12246, 198576, 1424, 14440, 1408, 16
82, 171018, 12630, 198575, 1425, 14927, 1403, 22
83, 170155, 13017, 198589, 1411, 15417, 1388, 23
84, 169302, 13398, 198564, 1436, 15864, 1400, 36
85, 168445, 13788, 198585, 1415, 16352, 1381, 34
86, 167595, 14182, 198605, 1395, 16828, 1370, 25
87, 166729, 14570, 198599, 1401, 17300, 1381, 20
88, 165890, 14959, 198616, 1384, 17767, 1362, 22
89, 165031, 15354, 198608, 1392, 18223, 1371, 21
90, 164165, 15747, 198613, 1387, 18701, 1369, 18
91, 163339, 16138, 198628, 1372, 19151, 1357, 15
92, 162506, 16527, 198648, 1352, 19615, 1332, 20
93, 161667, 16917, 198672, 1328, 20088, 1309, 19
94, 160871, 17309, 198703, 1297, 20523, 1275, 22
95, 160074, 17702, 198743, 1257, 20967, 1235, 22
96, 159292, 18095, 198803, 1197, 21416, 1179, 18
97, 158500, 18482, 198802, 1198, 21820, 1177, 21
98, 157709, 18876, 198809, 1191, 22224, 1171, 20
99, 156957, 19266, 198836, 1164, 22613, 1140, 24
100, 156188, 19652, 198858, 1142, 23018, 1116, 26
101, 155452, 20043, 198910, 1090, 23415, 1061, 29
102, 154758, 20431, 198966, 1034, 23777, 1000, 34
103, 154024, 20820, 199004, 996, 24160, 969, 27
104, 153340, 21210, 199055, 945, 24505, 919, 26
105, 152658, 21596, 199065, 935, 24811, 905, 30
106, 151964, 21987, 199107, 893, 25156, 867, 26
107, 151278, 22382, 199110, 890, 25450, 870, 20
108, 150562, 22772, 199080, 920, 25746, 902, 18
109, 149907, 23160, 199116, 884, 26049, 862, 22
110, 149236, 23551, 199127, 873, 26340, 848, 25
111, 148586, 23947, 199199, 801, 26666, 784, 17
112, 147937, 24340, 199210, 790, 26933, 776, 14
113, 147278, 24729, 199220, 780, 27213, 762, 18
114, 146660, 25120, 199247, 753, 27467, 731, 22
115, 146032, 25509, 199264, 736, 27723, 712, 24
116, 145416, 25897, 199306, 694, 27993, 672, 22
117, 144800, 26288, 199308, 692, 28220, 670, 22
118, 144216, 26678, 199353, 647, 28459, 626, 21
119, 143628, 27075, 199390, 610, 28687, 593, 17
120, 143036, 27466, 199414, 586, 28912, 569, 17
121, 142476, 27861, 199443, 557, 29106, 543, 14
122, 141927, 28253, 199477, 523, 29297, 506, 17
123, 141403, 28650, 199551, 449, 29498, 437, 12
124, 140873, 29044, 199580, 420, 29663, 408, 12
125, 140354, 29442, 199616, 384, 29820, 375, 9
126, 139848, 29835, 199630, 370, 29947, 357, 13
127, 139340, 30232, 199655, 345, 30083, 334, 11
128, 138833, 30629, 199666, 334, 30204, 324, 10
129, 138333, 31025, 199675, 325, 30317, 318, 7
130, 137835, 31420, 199683, 317, 30428, 309, 8
131, 137351, 31812, 199701, 299, 30538, 287, 12
132, 136875, 32206, 199723, 277, 30642, 263, 14
133, 136413, 32600, 199758, 242, 30745, 226, 16
134, 135941, 32997, 199775, 225, 30837, 213, 12
135, 135496, 33393, 199808, 192, 30919, 182, 10
136, 135042, 33787, 199816, 184, 30987, 172, 12
137, 134595, 34180, 199837, 163, 31062, 149, 14
138, 134149, 34578, 199838, 162, 31111, 150, 12
139, 133716, 34977, 199864, 136, 31171, 128, 8
140, 133279, 35374, 199878, 122, 31225, 119, 3
141, 132852, 35770, 199895, 105, 31273, 100, 5
142, 132424, 36166, 199897, 103, 31307, 97, 6
143, 131989, 36566, 199902, 98, 31347, 92, 6
144, 131566, 36966, 199910, 90, 31378, 88, 2
145, 131135, 37364, 199909, 91, 31410, 89, 2
146, 130708, 37761, 199914, 86, 31445, 82, 4
147, 130288, 38159, 199915, 85, 31468, 80, 5
148, 129866, 38555, 199922, 78, 31501, 73, 5
149, 129451, 38954, 199936, 64, 31531, 60, 4
150, 129031, 39352, 199936, 64, 31553, 59, 5
151, 128618, 39751, 199948, 52, 31579, 49, 3
152, 128199, 40149, 199943, 57, 31595, 53, 4
153, 127781, 40548, 199946, 54, 31617, 52, 2
154, 127366, 40947, 199944, 56, 31631, 55, 1
155, 126952, 41346, 199950, 50, 31652, 50, 0
156, 126542, 41745, 199958, 42, 31671, 42, 0
157, 126132, 42145, 199964, 36, 31687, 36, 0
158, 125725, 42543, 199970, 30, 31702, 30, 0
159, 125318, 42940, 199971, 29, 31713, 28, 1
160, 124916, 43338, 199977, 23, 31723, 21, 2
161, 124514, 43736, 199982, 18, 31732, 15, 3
162, 124111, 44134, 199987, 13, 31742, 11, 2
163, 123705, 44533, 199984, 16, 31746, 15, 1
164, 123302, 44933, 199985, 15, 31750, 14, 1
165, 122898, 45332, 199985, 15, 31755, 14, 1
166, 122495, 45732, 199989, 11, 31762, 10, 1
167, 122095, 46131, 199991, 9, 31765, 8, 1
168, 121696, 46530, 199996, 4, 31770, 4, 0
169, 121295, 46930, 199998, 2, 31773, 2, 0
170, 120897, 47327, 199998, 2, 31774, 2, 0
171, 120498, 47726, 199998, 2, 31774, 2, 0
172, 120098, 48126, 199999, 1, 31775, 1, 0
173, 119699, 48525, 200000, 0, 31776, 0, 0
174, 119301, 48923, 200000, 0, 31776, 0, 0
175, 118901, 49323, 200000, 0, 31776, 0, 0
176, 118502, 49722, 200000, 0, 31776, 0, 0
177, 118104, 50120, 200000, 0, 31776, 0, 0
178, 117704, 50520, 200000, 0, 31776, 0, 0
179, 117305, 50919, 200000, 0, 31776, 0, 0
180, 116905, 51319, 200000, 0, 31776, 0, 0
181, 116505, 51719, 200000, 0, 31776, 0, 0
182, 116106, 52118, 200000, 0, 31776, 0, 0
183, 115707, 52517, 200000, 0, 31776, 0, 0
184, 115309, 52915, 200000, 0, 31776, 0, 0
185, 114910, 53314, 200000, 0, 31776, 0, 0
186, 114511, 53713, 200000, 0, 31776, 0, 0
187, 114112, 54112, 200000, 0, 31776, 0, 0
188, 113715, 54509, 200000, 0, 31776, 0, 0
189, 113316, 54908, 200000, 0, 31776, 0, 0
190, 112918, 55306, 200000, 0, 31776, 0, 0
191, 112518, 55706, 200000, 0, 31776, 0, 0
192, 112119, 56105, 200000, 0, 31776, 0, 0
193, 111719, 56505, 200000, 0, 31776, 0, 0
194, 111319, 56905, 200000, 0, 31776, 0, 0
195, 110919, 57305, 200000, 0, 31776, 0, 0
196, 110519, 57705, 200000, 0, 31776, 0, 0
197, 110120, 58104, 200000, 0, 31776, 0, 0
198, 109720, 58504, 200000, 0, 31776, 0, 0
199, 109320, 58904, 200000, 0, 31776, 0, 0
200, 108923, 59301, 200000, 0, 31776, 0, 0
201, 108523, 59701, 200000, 0, 31776, 0, 0
202, 108124, 60100, 200000, 0, 31776, 0, 0
203, 107724, 60500, 200000, 0, 31776, 0, 0
204, 107324, 60900, 200000, 0, 31776, 0, 0
205, 106925, 61299, 200000, 0, 31776, 0, 0
206, 106527, 61697, 200000, 0, 31776, 0, 0
207, 106128, 62096, 200000, 0, 31776, 0, 0
208, 105728, 62496, 200000, 0, 31776, 0, 0
209, 105328, 62896, 200000, 0, 31776, 0, 0
210, 104928, 63296, 200000, 0, 31776, 0, 0
211, 104528, 63696, 200000, 0, 31776, 0, 0
212, 104128, 64096, 200000, 0, 31776, 0, 0
213, 103730, 64494, 200000, 0, 31776, 0, 0
214, 103331, 64893, 200000, 0, 31776, 0, 0
215, 102932, 65292, 200000, 0, 31776, 0, 0
216, 102533, 65691, 200000, 0, 31776, 0, 0
217, 102135, 66089, 200000, 0, 31776, 0, 0
218, 101737, 66487, 200000, 0, 31776, 0, 0
219, 101337, 66887, 200000, 0, 31776, 0, 0
220, 100939, 67285, 200000, 0, 31776, 0, 0
221, 100540, 67684, 200000, 0, 31776, 0, 0
222, 100141, 68083, 200000, 0, 31776, 0, 0
223, 99742, 68482, 200000, 0, 31776, 0, 0
224, 99343, 68881, 200000, 0, 31776, 0, 0
225, 98944, 69280, 200000, 0, 31776, 0, 0
226, 98545, 69679, 200000, 0, 31776, 0, 0
227, 98145, 70079, 200000, 0, 31776, 0, 0
228, 97745, 70479, 200000, 0, 31776, 0, 0
229, 97348, 70876, 200000, 0, 31776, 0, 0
230, 96949, 71275, 200000, 0, 31776, 0, 0
231, 96550, 71674, 200000, 0, 31776, 0, 0
232, 96151, 72073, 200000, 0, 31776, 0, 0
233, 95752, 72472, 200000, 0, 31776, 0, 0
234, 95352, 72872, 200000, 0, 31776, 0, 0
235, 94955, 73269, 200000, 0, 31776, 0, 0
236, 94557, 73667, 200000, 0, 31776, 0, 0
237, 94158, 74066, 200000, 0, 31776, 0, 0
238, 93758, 74466, 200000, 0, 31776, 0, 0
239, 93358, 74866, 200000, 0, 31776, 0, 0
240, 92958, 75266, 200000, 0, 31776, 0, 0
241, 92558, 75666, 200000, 0, 31776, 0, 0
242, 92160, 76064, 200000, 0, 31776, 0, 0
243, 91761, 76463, 200000, 0, 31776, 0, 0
244, 91361, 76863, 200000, 0, 31776, 0, 0
245, 90962, 77262, 200000, 0, 31776, 0, 0
246, 90563, 77661, 200000, 0, 31776, 0, 0
247, 90163, 78061, 200000, 0, 31776, 0, 0
248, 89765, 78459, 200000, 0, 31776, 0, 0
249, 89365, 78859, 200000, 0, 31776, 0, 0
250, 88965, 79259, 200000, 0, 31776, 0, 0
251, 88567, 79657, 200000, 0, 31776, 0, 0
252, 88168, 80056, 200000, 0, 31776, 0, 0
253, 87769, 80455, 200000, 0, 31776, 0, 0
254, 87369, 80855, 200000, 0, 31776, 0, 0
255, 86971, 81253, 200000, 0, 31776, 0, 0
256, 86571, 81653, 200000, 0, 31776, 0, 0
257, 86171, 82053, 200000, 0, 31776, 0, 0
258, 85771, 82453, 200000, 0, 31776, 0, 0
259, 85371, 82853, 200000, 0, 31776, 0, 0
260, 84973, 83251, 200000, 0, 31776, 0, 0
261, 84573, 83651, 200000, 0, 31776, 0, 0
262, 84174, 84050, 200000, 0, 31776, 0, 0
263, 83774, 84450, 200000, 0, 31776, 0, 0
264, 83374, 84850, 200000, 0, 31776, 0, 0
265, 82974, 85250, 200000, 0, 31776, 0, 0
266, 82575, 85649, 200000, 0, 31776, 0, 0
267, 82175, 86049, 200000, 0, 31776, 0, 0
268, 81775, 86449, 200000, 0, 31776, 0, 0
269, 81376, 86848, 200000, 0, 31776, 0, 0
270, 80977, 87247, 200000, 0, 31776, 0, 0
271, 80578, 87646, 200000, 0, 31776, 0, 0
272, 80178, 88046, 200000, 0, 31776, 0, 0
273, 79779, 88445, 200000, 0, 31776, 0, 0
274, 79380, 88844, 200000, 0, 31776, 0, 0
275, 78981, 89243, 200000, 0, 31776, 0, 0
276, 78583, 89641, 200000, 0, 31776, 0, 0
277, 78184, 90040, 200000, 0, 31776, 0, 0
278, 77784, 90440, 200000, 0, 31776, 0, 0
279, 77385, 90839, 200000, 0, 31776, 0, 0
280, 76985, 91239, 200000, 0, 31776, 0, 0
281, 76585, 91639, 200000, 0, 31776, 0, 0
282, 76187, 92037, 200000, 0, 31776, 0, 0
283, 75788, 92436, 200000, 0, 31776, 0, 0
284, 75391, 92833, 200000, 0, 31776, 0, 0
285, 74991, 93233, 200000, 0, 31776, 0, 0
286, 74592, 93632, 200000, 0, 31776, 0, 0
287, 74193, 94031, 200000, 0, 31776, 0, 0
288, 73794, 94430, 200000, 0, 31776, 0, 0
289, 73396, 94828, 200000, 0, 31776, 0, 0
290, 72996, 95228, 200000, 0, 31776, 0, 0
291, 72597, 95627, 200000, 0, 31776, 0, 0
292, 72199, 96025, 200000, 0, 31776, 0, 0
293, 71804, 96420, 200000, 0, 31776, 0, 0
294, 71405, 96819, 200000, 0, 31776, 0, 0
295, 71005, 97219, 200000, 0, 31776, 0, 0
296, 70609, 97615, 200000, 0, 31776, 0, 0
297, 70210, 98014, 200000, 0, 31776, 0, 0
298, 69812, 98412, 200000, 0, 31776, 0, 0
299, 69415, 98809, 200000, 0, 31776, 0, 0
300, 69016, 99208, 200000, 0, 31776, 0, 0
301, 68618, 99606, 200000, 0, 31776, 0, 0
302, 68218, 100006, 200000, 0, 31776, 0, 0
303, 67819, 100405, 200000, 0, 31776, 0, 0
304, 67419, 100805, 200000, 0, 31776, 0, 0
305, 67019, 101205, 200000, 0, 31776, 0, 0
306, 66620, 101604, 200000, 0, 31776, 0, 0
307, 66221, 102003, 200000, 0, 31776, 0, 0
308, 65822, 102402, 200000, 0, 31776, 0, 0
309, 65425, 102799, 200000, 0, 31776, 0, 0
310, 65027, 103197, 200000, 0, 31776, 0, 0
311, 64629, 103595, 200000, 0, 31776, 0, 0
312, 64232, 103992, 200000, 0, 31776, 0, 0
313, 63833, 104391, 200000, 0, 31776, 0, 0
314, 63433, 104791, 200000, 0, 31776, 0, 0
315, 63033, 105191, 200000, 0, 31776, 0, 0
316, 62634, 105590, 200000, 0, 31776, 0, 0
317, 62235, 105989, 200000, 0, 31776, 0, 0
318, 61836, 106388, 200000, 0, 31776, 0, 0
319, 61438, 106786, 200000, 0, 31776, 0, 0
320, 61040, 107184, 200000, 0, 31776, 0, 0
321, 60640, 107584, 200000, 0, 31776, 0, 0
322, 60242, 107982, 200000, 0, 31776, 0, 0
323, 59846, 108378, 200000, 0, 31776, 0, 0
324, 59448, 108776, 200000, 0, 31776, 0, 0
325, 59050, 109174, 200000, 0, 31776, 0, 0
326, 58651, 109573, 200000, 0, 31776, 0, 0
327, 58251, 109973, 200000, 0, 31776, 0, 0
328, 57854, 110370, 200000, 0, 31776, 0, 0
329, 57457, 110767, 200000, 0, 31776, 0, 0
330, 57064, 111160, 200000, 0, 31776, 0, 0
331, 56666, 111558, 200000, 0, 31776, 0, 0
332, 56267, 111957, 200000, 0, 31776, 0, 0
333, 55871, 112353, 200000, 0, 31776, 0, 0
334, 55473, 112751, 200000, 0, 31776, 0, 0
335, 55073, 113151, 200000, 0, 31776, 0, 0
336, 54673, 113551, 200000, 0, 31776, 0, 0
337, 54274, 113950, 200000, 0, 31776, 0, 0
338, 53874, 114350, 200000, 0, 31776, 0, 0
339, 53475, 114749, 200000, 0, 31776, 0, 0
340, 53075, 115149, 200000, 0, 31776, 0, 0
341, 52675, 115549, 200000, 0, 31776, 0, 0
342, 52281, 115943, 200000, 0, 31776, 0, 0
343, 51881, 116343, 200000, 0, 31776, 0, 0
344, 51484, 116740, 200000, 0, 31776, 0, 0
345, 51087, 117137, 200000, 0, 31776, 0, 0
346, 50688, 117536, 200000, 0, 31776, 0, 0
347, 50288, 117936, 200000, 0, 31776, 0, 0
348, 49889, 118335, 200000, 0, 31776, 0, 0
349, 49491, 118733, 200000, 0, 31776, 0, 0
350, 49093, 119131, 200000, 0, 31776, 0, 0
351, 48696, 119528, 200000, 0, 31776, 0, 0
352, 48298, 119926, 200000, 0, 31776, 0, 0
353, 47900, 120324, 200000, 0, 31776, 0, 0
354, 47500, 120724, 200000, 0, 31776, 0, 0
355, 47102, 121122, 200000, 0, 31776, 0, 0
356, 46705, 121519, 200000, 0, 31776, 0, 0
357, 46305, 121919, 200000, 0, 31776, 0, 0
358, 45907, 122317, 200000, 0, 31776, 0, 0
359, 45509, 122715, 200000, 0, 31776, 0, 0
360, 45110, 123114, 200000, 0, 31776, 0, 0
361, 44713, 123511, 200000, 0, 31776, 0, 0
362, 44314, 123910, 200000, 0, 31776, 0, 0
363, 43917, 124307, 200000, 0, 31776, 0, 0
364, 43520, 124704, 200000, 0, 31776, 0, 0
365, 43120, 125104, 200000, 0, 31776, 0, 0
366, 42723, 125501, 200000, 0, 31776, 0, 0
367, 42325, 125899, 200000, 0, 31776, 0, 0
368, 41927, 126297, 200000, 0, 31776, 0, 0
369, 41528, 126696, 200000, 0, 31776, 0, 0
370, 41129, 127095, 200000, 0, 31776, 0, 0
371, 40732, 127492, 200000, 0, 31776, 0, 0
372, 40333, 127891, 200000, 0, 31776, 0, 0
373, 39934, 128290, 200000, 0, 31776, 0, 0
374, 39535, 128689, 200000, 0, 31776, 0, 0
375, 39139, 129085, 200000, 0, 31776, 0, 0
376, 38741, 129483, 200000, 0, 31776, 0, 0
377, 38342, 129882, 200000, 0, 31776, 0, 0
378, 37943, 130281, 200000, 0, 31776, 0, 0
379, 37546, 130678, 200000, 0, 31776, 0, 0
380, 37149, 131075, 200000, 0, 31776, 0, 0
381, 36752, 131472, 200000, 0, 31776, 0, 0
382, 36354, 131870, 200000, 0, 31776, 0, 0
383, 35958, 132266, 200000, 0, 31776, 0, 0
384, 35561, 132663, 200000, 0, 31776, 0, 0
385, 35162, 133062, 200000, 0, 31776, 0, 0
386, 34764, 133460, 200000, 0, 31776, 0, 0
387, 34366, 133858, 200000, 0, 31776, 0, 0
388, 33967, 134257, 200000, 0, 31776, 0, 0
389, 33573, 134651, 200000, 0, 31776, 0, 0
390, 33179, 135045, 200000, 0, 31776, 0, 0
391, 32780, 135444, 200000, 0, 31776, 0, 0
392, 32385, 135839, 200000, 0, 31776, 0, 0
393, 31986, 136238, 200000, 0, 31776, 0, 0
394, 31586, 136638, 200000, 0, 31776, 0, 0
395, 31188, 137036, 200000, 0, 31776, 0, 0
396, 30790, 137434, 200000, 0, 31776, 0, 0
397, 30395, 137829, 200000, 0, 31776, 0, 0
398, 29997, 138227, 200000, 0, 31776, 0, 0
399, 29598, 138626, 200000, 0, 31776, 0, 0
400, 29201, 139023, 200000, 0, 31776, 0, 0
