Timestep, S, V, S+V, I+VI, R, I, VI
1, 199993, 0, 199993, 7, 0, 7, 0
2, 199990, 0, 199990, 10, 0, 10, 0
3, 199983, 0, 199983, 17, 0, 17, 0
4, 199975, 0, 199982, 18, 7, 18, 0
5, 199970, 0, 199980, 20, 10, 20, 0
6, 199960, 0, 199977, 23, 17, 23, 0
7, 199946, 0, 199971, 29, 25, 29, 0
8, 199931, 0, 199961, 39, 30, 39, 0
9, 199908, 0, 199948, 52, 40, 52, 0
10, 199886, 0, 199940, 60, 54, 60, 0
11, 199855, 0, 199924, 76, 69, 76, 0
12, 199831, 0, 199923, 77, 92, 77, 0
13, 199797, 0, 199911, 89, 114, 89, 0
14, 199756, 0, 199901, 99, 145, 99, 0
15, 199725, 0, 199894, 106, 169, 106, 0
16, 199685, 0, 199888, 112, 203, 112, 0
17, 199644, 0, 199888, 112, 244, 112, 0
18, 199602, 0, 199877, 123, 275, 123, 0
19, 199569, 0, 199884, 116, 315, 116, 0
20, 199526, 0, 199882, 118, 356, 118, 0
21, 199484, 0, 199882, 118, 398, 118, 0
22, 199439, 0, 199870, 130, 431, 130, 0
23, 199401, 0, 199875, 125, 474, 125, 0
24, 199352, 0, 199868, 132, 516, 132, 0
25, 199297, 0, 199858, 142, 561, 142, 0
26, 199241, 0, 199840, 160, 599, 160, 0
27, 199159, 0, 199807, 193, 648, 193, 0
28, 199085, 0, 199788, 212, 703, 212, 0
29, 199004, 0, 199763, 237, 759, 237, 0
30, 198922, 0, 199763, 237, 841, 237, 0
31, 198844, 0, 199759, 241, 915, 241, 0
32, 198754, 0, 199750, 250, 996, 250, 0
33, 198677, 0, 199755, 245, 1078, 245, 0
34, 198585, 0, 199741, 259, 1156, 259, 0
35, 198497, 0, 199743, 257, 1246, 257, 0
36, 198399, 0, 199722, 278, 1323, 278, 0
37, 198306, 0, 199721, 279, 1415, 279, 0
38, 198195, 0, 199698, 302, 1503, 302, 0
39, 198091, 0, 199692, 308, 1601, 308, 0
40, 197984, 0, 199678, 322, 1694, 322, 0
41, 197872, 0, 199677, 323, 1805, 323, 0
42, 197757, 0, 199666, 334, 1909, 334, 0
43, 197643, 0, 199659, 341, 2016, 341, 0
44, 197537, 0, 199665, 335, 2128, 335, 0
45, 197443, 0, 199686, 314, 2243, 314, 0
46, 197330, 0, 199687, 313, 2357, 313, 0
47, 197210, 0, 199673, 327, 2463, 327, 0
48, 197094, 0, 199651, 349, 2557, 349, 0
49, 196970, 0, 199640, 360, 2670, 360, 0
50, 196841, 0, 199631, 369, 2790, 369, 0
51, 196315, 400, 199621, 379, 2906, 379, 0
52, 195792, 798, 199620, 380, 3030, 378, 2
53, 195264, 1198, 199621, 379, 3159, 377, 2
54, 194737, 1597, 199619, 381, 3285, 380, 1
55, 194196, 1990, 199596, 404, 3410, 400, 4
56, 193675, 2388, 199601, 399, 3538, 395, 4
57, 193137, 2786, 199589, 411, 3666, 407, 4
58, 192607, 3180, 199601, 399, 3814, 391, 8
59, 192079, 3577, 199593, 407, 3937, 398, 9
60, 191546, 3972, 199595, 405, 4077, 395, 10
61, 190992, 4369, 199574, 426, 4213, 418, 8
62, 190443, 4767, 199554, 446, 4344, 438, 8
63, 189890, 5163, 199535, 465, 4482, 457, 8
64, 189322, 5555, 199516, 484, 4639, 472, 12
65, 188752, 5954, 199496, 504, 4790, 492, 12
66, 188178, 6348, 199473, 527, 4947, 515, 12
67, 187621, 6743, 199487, 513, 5123, 505, 8
68, 187038, 7136, 199468, 532, 5294, 520, 12
69, 186471, 7528, 199473, 527, 5474, 514, 13
70, 185877, 7921, 199434, 566, 5636, 550, 16
71, 185296, 8314, 199436, 564, 5826, 547, 17
72, 184708, 8707, 199416, 584, 6001, 566, 18
73, 184134, 9098, 199434, 566, 6202, 547, 19
74, 183568, 9491, 199449, 551, 6390, 532, 19
75, 182998, 9883, 199466, 534, 6585, 513, 21
76, 182414, 10281, 199463, 537, 6768, 522, 15
77, 181827, 10675, 199443, 557, 6941, 541, 16
78, 181240, 11064, 199423, 577, 7119, 558, 19
79, 180663, 11456, 199424, 576, 7305, 552, 24
80, 180052, 11848, 199398, 602, 7498, 579, 23
81, 179453, 12232, 199381, 619, 7696, 591, 28
82, 178852, 12626, 199359, 641, 7881, 615, 26
83, 178264, 13023, 199387, 613, 8100, 590, 23
84, 177691, 13413, 199419, 581, 8315, 563, 18
85, 177104, 13798, 199424, 576, 8522, 551, 25
86, 176495, 14190, 199398, 602, 8713, 572, 30
87, 175903, 14576, 199375, 625, 8896, 592, 33
88, 175290, 14963, 199351, 649, 9098, 616, 33
89, 174663, 15354, 199332, 668, 9315, 636, 32
90, 174016, 15736, 199273, 727, 9521, 692, 35
91, 173385, 16116, 199248, 752, 9747, 712, 40
92, 172742, 16500, 199225, 775, 9983, 727, 48
93, 172105, 16887, 199240, 760, 10248, 716, 44
94, 171491, 17261, 199251, 749, 10499, 702, 47
95, 170878, 17641, 199277, 723, 10758, 672, 51
96, 170230, 18034, 199272, 728, 11008, 681, 47
97, 169651, 18422, 199321, 679, 11248, 643, 36
98, 169021, 18811, 199313, 687, 11481, 657, 30
99, 168442, 19192, 199370, 630, 11736, 591, 39
100, 167850, 19575, 199352, 648, 11927, 605, 43
101, 167256, 19957, 199381, 619, 12168, 573, 46
102, 166663, 20338, 199367, 633, 12366, 585, 48
103, 166066, 20723, 199364, 636, 12575, 588, 48
104, 165450, 21106, 199343, 657, 12787, 611, 46
105, 164862, 21488, 199349, 651, 12999, 605, 46
106, 164284, 21876, 199371, 629, 13211, 583, 46
107, 163700, 22262, 199406, 594, 13444, 553, 41
108, 163097, 22641, 199388, 612, 13650, 569, 43
109, 162518, 23017, 199375, 625, 13840, 571, 54
110, 161938, 23401, 199377, 623, 14038, 566, 57
111, 161332, 23789, 199383, 617, 14262, 569, 48
112, 160734, 24157, 199356, 644, 14465, 590, 54
113, 160140, 24541, 199342, 658, 14661, 603, 55
114, 159581, 24917, 199377, 623, 14879, 561, 62
115, 158982, 25301, 199392, 608, 15109, 556, 52
116, 158392, 25686, 199397, 603, 15319, 550, 53
117, 157801, 26062, 199365, 635, 15502, 582, 53
118, 157209, 26438, 199364, 636, 15717, 574, 62
119, 156606, 26816, 199344, 656, 15922, 587, 69
120, 155992, 27188, 199317, 683, 16137, 611, 72
121, 155403, 27561, 199317, 683, 16353, 607, 76
122, 154822, 27932, 199332, 668, 16578, 587, 81
123, 154224, 28304, 199348, 652, 16820, 572, 80
124, 153639, 28679, 199354, 646, 17036, 573, 73
125, 153063, 29061, 199370, 630, 17246, 565, 65
126, 152482, 29430, 199384, 616, 17472, 549, 67
127, 151913, 29799, 199394, 606, 17682, 530, 76
128, 151353, 30188, 199417, 583, 17876, 513, 70
129, 150794, 30559, 199441, 559, 18088, 492, 67
130, 150257, 30932, 199477, 523, 18288, 457, 66
131, 149704, 31318, 199481, 519, 18459, 452, 67
132, 149160, 31704, 199511, 489, 18647, 434, 55
133, 148623, 32087, 199521, 479, 18811, 435, 44
134, 148111, 32473, 199562, 438, 18978, 396, 42
135, 147593, 32853, 199582, 418, 19136, 370, 48
136, 147075, 33232, 199597, 403, 19290, 350, 53
137, 146561, 33613, 199590, 410, 19416, 353, 57
138, 146059, 33993, 199606, 394, 19554, 338, 56
139, 145556, 34380, 199629, 371, 19693, 323, 48
140, 145061, 34759, 199646, 354, 19826, 304, 50
141, 144562, 35147, 199657, 343, 19948, 302, 41
142, 144072, 35524, 199660, 340, 20064, 290, 50
143, 143580, 35912, 199672, 328, 20180, 287, 41
144, 143080, 36302, 199673, 327, 20291, 288, 39
145, 142577, 36688, 199669, 331, 20404, 299, 32
146, 142075, 37071, 199654, 346, 20508, 308, 38
147, 141580, 37455, 199653, 347, 20618, 303, 44
148, 141103, 37833, 199671, 329, 20735, 279, 50
149, 140624, 38217, 199695, 305, 20854, 254, 51
150, 140137, 38604, 199706, 294, 20965, 245, 49
151, 139658, 38986, 199708, 292, 21064, 246, 46
152, 139188, 39377, 199724, 276, 21159, 238, 38
153, 138719, 39752, 199730, 270, 21259, 223, 47
154, 138248, 40140, 199744, 256, 21356, 214, 42
155, 137787, 40529, 199751, 249, 21435, 204, 45
156, 137326, 40920, 199775, 225, 21529, 193, 32
157, 136872, 41308, 199792, 208, 21612, 176, 32
158, 136415, 41701, 199800, 200, 21684, 173, 27
159, 135964, 42090, 199808, 192, 21754, 163, 29
160, 135508, 42486, 199814, 186, 21820, 166, 20
161, 135060, 42880, 199824, 176, 21884, 156, 20
162, 134615, 43272, 199833, 167, 21946, 150, 17
163, 134171, 43661, 199838, 162, 22006, 137, 25
164, 133729, 44050, 199839, 161, 22060, 132, 29
165, 133299, 44434, 199846, 154, 22113, 120, 34
166, 132856, 44829, 199853, 147, 22168, 119, 28
167, 132426, 45219, 199866, 134, 22221, 107, 27
168, 131996, 45607, 199870, 130, 22267, 106, 24
169, 131555, 46000, 199870, 130, 22315, 106, 24
170, 131131, 46387, 199873, 127, 22355, 100, 27
171, 130700, 46779, 199876, 124, 22397, 99, 25
172, 130263, 47173, 199881, 119, 22445, 94, 25
173, 129830, 47567, 199879, 121, 22482, 101, 20
174, 129389, 47961, 199871, 129, 22521, 113, 16
175, 128955, 48352, 199871, 129, 22564, 110, 19
176, 128519, 48746, 199868, 132, 22603, 116, 16
177, 128088, 49139, 199877, 123, 22650, 104, 19
178, 127652, 49535, 199880, 120, 22693, 104, 16
179, 127228, 49929, 199892, 108, 22735, 93, 15
180, 126803, 50326, 199902, 98, 22773, 88, 10
181, 126383, 50720, 199916, 84, 22813, 73, 11
182, 125962, 51113, 199918, 82, 22843, 69, 13
183, 125537, 51507, 199915, 85, 22871, 68, 17
184, 125120, 51902, 199919, 81, 22897, 64, 17
185, 124699, 52300, 199924, 76, 22925, 64, 12
186, 124278, 52692, 199926, 74, 22956, 60, 14
187, 123863, 53088, 199929, 71, 22978, 59, 12
188, 123448, 53480, 199929, 71, 23001, 55, 16
189, 123035, 53869, 199934, 66, 23030, 49, 17
190, 122617, 54265, 199931, 69, 23049, 51, 18
191, 122206, 54663, 199941, 59, 23072, 45, 14
192, 121792, 55061, 199949, 51, 23096, 44, 7
193, 121386, 55457, 199961, 39, 23118, 33, 6
194, 120978, 55856, 199965, 35, 23131, 30, 5
195, 120569, 56252, 199968, 32, 23147, 24, 8
196, 120166, 56648, 199971, 29, 23157, 21, 8
197, 119760, 57045, 199971, 29, 23166, 20, 9
198, 119355, 57443, 199977, 23, 23179, 17, 6
199, 118951, 57839, 199976, 24, 23186, 17, 7
200, 118547, 58239, 199981, 19, 23195, 14, 5
201, 118146, 58635, 199983, 17, 23202, 11, 6
202, 117745, 59032, 199987, 13, 23210, 8, 5
203, 117341, 59428, 199983, 17, 23214, 8, 9
204, 116942, 59826, 199987, 13, 23219, 5, 8
205, 116541, 60226, 199990, 10, 23223, 5, 5
206, 116139, 60626, 199996, 4, 23231, 3, 1
207, 115742, 61022, 199996, 4, 23232, 4, 0
208, 115342, 61422, 199997, 3, 23233, 3, 0
209, 114942, 61822, 199999, 1, 23235, 1, 0
210, 114543, 62221, 200000, 0, 23236, 0, 0
211, 114145, 62619, 200000, 0, 23236, 0, 0
212, 113746, 63018, 200000, 0, 23236, 0, 0
213, 113346, 63418, 200000, 0, 23236, 0, 0
214, 112946, 63818, 200000, 0, 23236, 0, 0
215, 112547, 64217, 200000, 0, 23236, 0, 0
216, 112148, 64616, 200000, 0, 23236, 0, 0
217, 111748, 65016, 200000, 0, 23236, 0, 0
218, 111349, 65415, 200000, 0, 23236, 0, 0
219, 110950, 65814, 200000, 0, 23236, 0, 0
220, 110551, 66213, 200000, 0, 23236, 0, 0
221, 110152, 66612, 200000, 0, 23236, 0, 0
222, 109753, 67011, 200000, 0, 23236, 0, 0
223, 109354, 67410, 200000, 0, 23236, 0, 0
224, 108954, 67810, 200000, 0, 23236, 0, 0
225, 108554, 68210, 200000, 0, 23236, 0, 0
226, 108154, 68610, 200000, 0, 23236, 0, 0
227, 107757, 69007, 200000, 0, 23236, 0, 0
228, 107357, 69407, 200000, 0, 23236, 0, 0
229, 106958, 69806, 200000, 0, 23236, 0, 0
230, 106558, 70206, 200000, 0, 23236, 0, 0
231, 106160, 70604, 200000, 0, 23236, 0, 0
232, 105761, 71003, 200000, 0, 23236, 0, 0
233, 105361, 71403, 200000, 0, 23236, 0, 0
234, 104961, 71803, 200000, 0, 23236, 0, 0
235, 104561, 72203, 200000, 0, 23236, 0, 0
236, 104163, 72601, 200000, 0, 23236, 0, 0
237, 103764, 73000, 200000, 0, 23236, 0, 0
238, 103366, 73398, 200000, 0, 23236, 0, 0
239, 102966, 73798, 200000, 0, 23236, 0, 0
240, 102566, 74198, 200000, 0, 23236, 0, 0
241, 102166, 74598, 200000, 0, 23236, 0, 0
242, 101766, 74998, 200000, 0, 23236, 0, 0
243, 101368, 75396, 200000, 0, 23236, 0, 0
244, 100968, 75796, 200000, 0, 23236, 0, 0
245, 100568, 76196, 200000, 0, 23236, 0, 0
246, 100169, 76595, 200000, 0, 23236, 0, 0
247, 99769, 76995, 200000, 0, 23236, 0, 0
248, 99370, 77394, 200000, 0, 23236, 0, 0
249, 98971, 77793, 200000, 0, 23236, 0, 0
250, 98571, 78193, 200000, 0, 23236, 0, 0
251, 98171, 78593, 200000, 0, 23236, 0, 0
252, 97771, 78993, 200000, 0, 23236, 0, 0
253, 97371, 79393, 200000, 0, 23236, 0, 0
254, 96971, 79793, 200000, 0, 23236, 0, 0
255, 96573, 80191, 200000, 0, 23236, 0, 0
256, 96176, 80588, 200000, 0, 23236, 0, 0
257, 95777, 80987, 200000, 0, 23236, 0, 0
258, 95378, 81386, 200000, 0, 23236, 0, 0
259, 94979, 81785, 200000, 0, 23236, 0, 0
260, 94579, 82185, 200000, 0, 23236, 0, 0
261, 94179, 82585, 200000, 0, 23236, 0, 0
262, 93779, 82985, 200000, 0, 23236, 0, 0
263, 93380, 83384, 200000, 0, 23236, 0, 0
264, 92982, 83782, 200000, 0, 23236, 0, 0
265, 92583, 84181, 200000, 0, 23236, 0, 0
266, 92184, 84580, 200000, 0, 23236, 0, 0
267, 91785, 84979, 200000, 0, 23236, 0, 0
268, 91385, 85379, 200000, 0, 23236, 0, 0
269, 90988, 85776, 200000, 0, 23236, 0, 0
270, 90588, 86176, 200000, 0, 23236, 0, 0
271, 90188, 86576, 200000, 0, 23236, 0, 0
272, 89790, 86974, 200000, 0, 23236, 0, 0
273, 89390, 87374, 200000, 0, 23236, 0, 0
274, 88991, 87773, 200000, 0, 23236, 0, 0
275, 88593, 88171, 200000, 0, 23236, 0, 0
276, 88194, 88570, 200000, 0, 23236, 0, 0
277, 87795, 88969, 200000, 0, 23236, 0, 0
278, 87395, 89369, 200000, 0, 23236, 0, 0
279, 86996, 89768, 200000, 0, 23236, 0, 0
280, 86597, 90167, 200000, 0, 23236, 0, 0
281, 86198, 90566, 200000, 0, 23236, 0, 0
282, 85799, 90965, 200000, 0, 23236, 0, 0
283, 85399, 91365, 200000, 0, 23236, 0, 0
284, 84999, 91765, 200000, 0, 23236, 0, 0
285, 84599, 92165, 200000, 0, 23236, 0, 0
286, 84201, 92563, 200000, 0, 23236, 0, 0
287, 83802, 92962, 200000, 0, 23236, 0, 0
288, 83402, 93362, 200000, 0, 23236, 0, 0
289, 83002, 93762, 200000, 0, 23236, 0, 0
290, 82603, 94161, 200000, 0, 23236, 0, 0
291, 82204, 94560, 200000, 0, 23236, 0, 0
292, 81805, 94959, 200000, 0, 23236, 0, 0
293, 81407, 95357, 200000, 0, 23236, 0, 0
294, 81008, 95756, 200000, 0, 23236, 0, 0
295, 80608, 96156, 200000, 0, 23236, 0, 0
296, 80209, 96555, 200000, 0, 23236, 0, 0
297, 79810, 96954, 200000, 0, 23236, 0, 0
298, 79412, 97352, 200000, 0, 23236, 0, 0
299, 79013, 97751, 200000, 0, 23236, 0, 0
300, 78613, 98151, 200000, 0, 23236, 0, 0
301, 78213, 98551, 200000, 0, 23236, 0, 0
302, 77815, 98949, 200000, 0, 23236, 0, 0
303, 77415, 99349, 200000, 0, 23236, 0, 0
304, 77015, 99749, 200000, 0, 23236, 0, 0
305, 76617, 100147, 200000, 0, 23236, 0, 0
306, 76218, 100546, 200000, 0, 23236, 0, 0
307, 75818, 100946, 200000, 0, 23236, 0, 0
308, 75419, 101345, 200000, 0, 23236, 0, 0
309, 75019, 101745, 200000, 0, 23236, 0, 0
310, 74619, 102145, 200000, 0, 23236, 0, 0
311, 74220, 102544, 200000, 0, 23236, 0, 0
312, 73820, 102944, 200000, 0, 23236, 0, 0
313, 73420, 103344, 200000, 0, 23236, 0, 0
314, 73020, 103744, 200000, 0, 23236, 0, 0
315, 72621, 104143, 200000, 0, 23236, 0, 0
316, 72224, 104540, 200000, 0, 23236, 0, 0
317, 71824, 104940, 200000, 0, 23236, 0, 0
318, 71427, 105337, 200000, 0, 23236, 0, 0
319, 71030, 105734, 200000, 0, 23236, 0, 0
320, 70631, 106133, 200000, 0, 23236, 0, 0
321, 70231, 106533, 200000, 0, 23236, 0, 0
322, 69832, 106932, 200000, 0, 23236, 0, 0
323, 69434, 107330, 200000, 0, 23236, 0, 0
324, 69035, 107729, 200000, 0, 23236, 0, 0
325, 68636, 108128, 200000, 0, 23236, 0, 0
326, 68239, 108525, 200000, 0, 23236, 0, 0
327, 67841, 108923, 200000, 0, 23236, 0, 0
328, 67441, 109323, 200000, 0, 23236, 0, 0
329, 67041, 109723, 200000, 0, 23236, 0, 0
330, 66645, 110119, 200000, 0, 23236, 0, 0
331, 66246, 110518, 200000, 0, 23236, 0, 0
332, 65847, 110917, 200000, 0, 23236, 0, 0
333, 65448, 111316, 200000, 0, 23236, 0, 0
334, 65048, 111716, 200000, 0, 23236, 0, 0
335, 64649, 112115, 200000, 0, 23236, 0, 0
336, 64251, 112513, 200000, 0, 23236, 0, 0
337, 63851, 112913, 200000, 0, 23236, 0, 0
338, 63451, 113313, 200000, 0, 23236, 0, 0
339, 63054, 113710, 200000, 0, 23236, 0, 0
340, 62654, 114110, 200000, 0, 23236, 0, 0
341, 62256, 114508, 200000, 0, 23236, 0, 0
342, 61859, 114905, 200000, 0, 23236, 0, 0
343, 61462, 115302, 200000, 0, 23236, 0, 0
344, 61062, 115702, 200000, 0, 23236, 0, 0
345, 60663, 116101, 200000, 0, 23236, 0, 0
346, 60265, 116499, 200000, 0, 23236, 0, 0
347, 59866, 116898, 200000, 0, 23236, 0, 0
348, 59467, 117297, 200000, 0, 23236, 0, 0
349, 59067, 117697, 200000, 0, 23236, 0, 0
350, 58668, 118096, 200000, 0, 23236, 0, 0
351, 58270, 118494, 200000, 0, 23236, 0, 0
352, 57872, 118892, 200000, 0, 23236, 0, 0
353, 57473, 119291, 200000, 0, 23236, 0, 0
354, 57073, 119691, 200000, 0, 23236, 0, 0
355, 56673, 120091, 200000, 0, 23236, 0, 0
356, 56274, 120490, 200000, 0, 23236, 0, 0
357, 55874, 120890, 200000, 0, 23236, 0, 0
358, 55476, 121288, 200000, 0, 23236, 0, 0
359, 55080, 121684, 200000, 0, 23236, 0, 0
360, 54682, 122082, 200000, 0, 23236, 0, 0
361, 54283, 122481, 200000, 0, 23236, 0, 0
362, 53884, 122880, 200000, 0, 23236, 0, 0
363, 53484, 123280, 200000, 0, 23236, 0, 0
364, 53084, 123680, 200000, 0, 23236, 0, 0
365, 52685, 124079, 200000, 0, 23236, 0, 0
366, 52288, 124476, 200000, 0, 23236, 0, 0
367, 51889, 124875, 200000, 0, 23236, 0, 0
368, 51491, 125273, 200000, 0, 23236, 0, 0
369, 51095, 125669, 200000, 0, 23236, 0, 0
370, 50696, 126068, 200000, 0, 23236, 0, 0
371, 50296, 126468, 200000, 0, 23236, 0, 0
372, 49897, 126867, 200000, 0, 23236, 0, 0
373, 49499, 127265, 200000, 0, 23236, 0, 0
374, 49102, 127662, 200000, 0, 23236, 0, 0
375, 48703, 128061, 200000, 0, 23236, 0, 0
376, 48304, 128460, 200000, 0, 23236, 0, 0
377, 47904, 128860, 200000, 0, 23236, 0, 0
378, 47506, 129258, 200000, 0, 23236, 0, 0
379, 47107, 129657, 200000, 0, 23236, 0, 0
380, 46707, 130057, 200000, 0, 23236, 0, 0
381, 46308, 130456, 200000, 0, 23236, 0, 0
382, 45908, 130856, 200000, 0, 23236, 0, 0
383, 45513, 131251, 200000, 0, 23236, 0, 0
384, 45117, 131647, 200000, 0, 23236, 0, 0
385, 44718, 132046, 200000, 0, 23236, 0, 0
386, 44318, 132446, 200000, 0, 23236, 0, 0
387, 43920, 132844, 200000, 0, 23236, 0, 0
388, 43520, 133244, 200000, 0, 23236, 0, 0
389, 43122, 133642, 200000, 0, 23236, 0, 0
390, 42722, 134042, 200000, 0, 23236, 0, 0
391, 42322, 134442, 200000, 0, 23236, 0, 0
392, 41925, 134839, 200000, 0, 23236, 0, 0
393, 41527, 135237, 200000, 0, 23236, 0, 0
394, 41127, 135637, 200000, 0, 23236, 0, 0
395, 40727, 136037, 200000, 0, 23236, 0, 0
396, 40331, 136433, 200000, 0, 23236, 0, 0
397, 39933, 136831, 200000, 0, 23236, 0, 0
398, 39535, 137229, 200000, 0, 23236, 0, 0
399, 39135, 137629, 200000, 0, 23236, 0, 0
400, 38740, 138024, 200000, 0, 23236, 0, 0
