Timestep, S, V, S+V, I+VI, R, I, VI
1, 199993, 0, 199993, 7, 0, 7, 0
2, 199987, 0, 199987, 13, 0, 13, 0
3, 199979, 0, 199979, 21, 0, 21, 0
4, 199973, 0, 199980, 20, 7, 20, 0
5, 199964, 0, 199977, 23, 13, 23, 0
6, 199945, 0, 199966, 34, 21, 34, 0
7, 199925, 0, 199952, 48, 27, 48, 0
8, 199906, 0, 199942, 58, 36, 58, 0
9, 199877, 0, 199932, 68, 55, 68, 0
10, 199851, 0, 199926, 74, 75, 74, 0
11, 199824, 0, 199918, 82, 94, 82, 0
12, 199804, 0, 199927, 73, 123, 73, 0
13, 199778, 0, 199927, 73, 149, 73, 0
14, 199755, 0, 199931, 69, 176, 69, 0
15, 199735, 0, 199931, 69, 196, 69, 0
16, 199720, 0, 199942, 58, 222, 58, 0
17, 199698, 0, 199943, 57, 245, 57, 0
18, 199678, 0, 199943, 57, 265, 57, 0
19, 199655, 0, 199935, 65, 280, 65, 0
20, 199632, 0, 199934, 66, 302, 66, 0
21, 199614, 0, 199936, 64, 322, 64, 0
22, 199592, 0, 199937, 63, 345, 63, 0
23, 199571, 0, 199939, 61, 368, 61, 0
24, 199542, 0, 199928, 72, 386, 72, 0
25, 199513, 0, 199921, 79, 408, 79, 0
26, 199480, 0, 199909, 91, 429, 91, 0
27, 199450, 0, 199908, 92, 458, 92, 0
28, 199413, 0, 199900, 100, 487, 100, 0
29, 199386, 0, 199906, 94, 520, 94, 0
30, 199347, 0, 199897, 103, 550, 103, 0
31, 199305, 0, 199892, 108, 587, 108, 0
32, 199263, 0, 199877, 123, 614, 123, 0
33, 199219, 0, 199872, 128, 653, 128, 0
34, 199167, 0, 199862, 138, 695, 138, 0
35, 199119, 0, 199856, 144, 737, 144, 0
36, 199070, 0, 199851, 149, 781, 149, 0
37, 199024, 0, 199857, 143, 833, 143, 0
38, 198974, 0, 199855, 145, 881, 145, 0
39, 198907, 0, 199837, 163, 930, 163, 0
40, 198841, 0, 199817, 183, 976, 183, 0
41, 198791, 0, 199817, 183, 1026, 183, 0
42, 198725, 0, 199818, 182, 1093, 182, 0
43, 198679, 0, 199838, 162, 1159, 162, 0
44, 198625, 0, 199834, 166, 1209, 166, 0
45, 198560, 0, 199835, 165, 1275, 165, 0
46, 198488, 0, 199809, 191, 1321, 191, 0
47, 198423, 0, 199798, 202, 1375, 202, 0
48, 198340, 0, 199780, 220, 1440, 220, 0
49, 198252, 0, 199764, 236, 1512, 236, 0
50, 198163, 0, 199740, 260, 1577, 260, 0
51, 197654, 399, 199713, 287, 1660, 286, 1
52, 197131, 797, 199676, 324, 1748, 322, 2
53, 196621, 1197, 199655, 345, 1837, 343, 2
54, 196095, 1596, 199638, 362, 1947, 359, 3
55, 195597, 1996, 199665, 335, 2072, 334, 1
56, 195069, 2396, 199647, 353, 2182, 353, 0
57, 194551, 2794, 199654, 346, 2309, 344, 2
58, 194053, 3190, 199650, 350, 2407, 344, 6
59, 193526, 3588, 199649, 351, 2535, 344, 7
60, 193006, 3987, 199648, 352, 2655, 346, 6
61, 192476, 4384, 199617, 383, 2757, 379, 4
62, 191937, 4781, 199604, 396, 2886, 390, 6
63, 191391, 5180, 199578, 422, 3007, 416, 6
64, 190860, 5577, 199577, 423, 3140, 417, 6
65, 190311, 5973, 199566, 434, 3282, 426, 8
66, 189785, 6369, 199583, 417, 3429, 407, 10
67, 189267, 6763, 199593, 407, 3563, 395, 12
68, 188740, 7159, 199615, 385, 3716, 371, 14
69, 188225, 7555, 199626, 374, 3846, 362, 12
70, 187698, 7954, 199622, 378, 3970, 370, 8
71, 187174, 8350, 199625, 375, 4101, 369, 6
72, 186643, 8745, 199608, 392, 4220, 385, 7
73, 186112, 9141, 199601, 399, 4348, 390, 9
74, 185592, 9531, 199599, 401, 4476, 386, 15
75, 185050, 9930, 199592, 408, 4612, 398, 10
76, 184511, 10323, 199581, 419, 4747, 404, 15
77, 183977, 10717, 199571, 429, 4877, 416, 13
78, 183434, 11110, 199564, 436, 5020, 417, 19
79, 182901, 11499, 199566, 434, 5166, 411, 23
80, 182361, 11893, 199560, 440, 5306, 418, 22
81, 181818, 12278, 199552, 448, 5456, 420, 28
82, 181295, 12670, 199565, 435, 5600, 408, 27
83, 180749, 13059, 199554, 446, 5746, 416, 30
84, 180210, 13454, 199568, 432, 5904, 410, 22
85, 179682, 13840, 199557, 443, 6035, 415, 28
86, 179128, 14231, 199551, 449, 6192, 424, 25
87, 178573, 14620, 199529, 471, 6336, 441, 30
88, 178019, 15009, 199506, 494, 6478, 464, 30
89, 177469, 15400, 199510, 490, 6641, 461, 29
90, 176921, 15791, 199519, 481, 6807, 455, 26
91, 176366, 16181, 199519, 481, 6972, 455, 26
92, 175831, 16568, 199530, 470, 7131, 441, 29
93, 175292, 16960, 199540, 460, 7288, 433, 27
94, 174763, 17349, 199565, 435, 7453, 406, 29
95, 174245, 17737, 199583, 417, 7601, 386, 31
96, 173733, 18125, 199606, 394, 7748, 359, 35
97, 173203, 18510, 199601, 399, 7888, 362, 37
98, 172706, 18900, 199624, 376, 8018, 340, 36
99, 172207, 19294, 199643, 357, 8142, 329, 28
100, 171696, 19681, 199664, 336, 8287, 309, 27
101, 171199, 20074, 199667, 333, 8394, 308, 25
102, 170697, 20464, 199660, 340, 8499, 311, 29
103, 170192, 20858, 199673, 327, 8623, 305, 22
104, 169698, 21247, 199672, 328, 8727, 303, 25
105, 169196, 21643, 199678, 322, 8839, 303, 19
106, 168700, 22033, 199683, 317, 8950, 296, 21
107, 168219, 22425, 199699, 301, 9055, 280, 21
108, 167731, 22811, 199703, 297, 9161, 266, 31
109, 167248, 23197, 199712, 288, 9267, 253, 35
110, 166761, 23589, 199706, 294, 9356, 259, 35
111, 166278, 23976, 199712, 288, 9458, 255, 33
112, 165801, 24364, 199720, 280, 9555, 250, 30
113, 165323, 24756, 199729, 271, 9650, 241, 30
114, 164833, 25146, 199725, 275, 9746, 248, 27
115, 164323, 25537, 199695, 305, 9835, 281, 24
116, 163833, 25927, 199681, 319, 9921, 292, 27
117, 163353, 26316, 199690, 310, 10021, 280, 30
118, 162870, 26698, 199708, 292, 10140, 256, 36
119, 162401, 27096, 199737, 263, 10240, 235, 28
120, 161923, 27487, 199741, 259, 10331, 232, 27
121, 161451, 27874, 199757, 243, 10432, 220, 23
122, 160989, 28261, 199753, 247, 10503, 213, 34
123, 160523, 28653, 199766, 234, 10590, 201, 33
124, 160063, 29047, 199785, 215, 10675, 188, 27
125, 159606, 29439, 199795, 205, 10750, 183, 22
126, 159145, 29834, 199803, 197, 10824, 178, 19
127, 158683, 30218, 199791, 209, 10890, 182, 27
128, 158226, 30608, 199789, 211, 10955, 181, 30
129, 157776, 30996, 199793, 207, 11021, 170, 37
130, 157321, 31389, 199809, 191, 11099, 163, 28
131, 156874, 31785, 199825, 175, 11166, 153, 22
132, 156428, 32176, 199832, 168, 11228, 149, 19
133, 155979, 32563, 199832, 168, 11290, 142, 26
134, 155532, 32957, 199830, 170, 11341, 143, 27
135, 155095, 33350, 199841, 159, 11396, 135, 24
136, 154658, 33742, 199858, 142, 11458, 124, 18
137, 154221, 34136, 199868, 132, 11511, 113, 19
138, 153792, 34528, 199875, 125, 11555, 104, 21
139, 153359, 34925, 199884, 116, 11600, 100, 16
140, 152928, 35320, 199891, 109, 11643, 93, 16
141, 152506, 35715, 199901, 99, 11680, 86, 13
142, 152086, 36113, 199915, 85, 11716, 73, 12
143, 151660, 36511, 199923, 77, 11752, 68, 9
144, 151251, 36908, 199938, 62, 11779, 55, 7
145, 150836, 37305, 199942, 58, 11801, 50, 8
146, 150416, 37702, 199947, 53, 11829, 45, 8
147, 150003, 38099, 199943, 57, 11841, 48, 9
148, 149588, 38496, 199943, 57, 11859, 48, 9
149, 149171, 38891, 199944, 56, 11882, 45, 11
150, 148753, 39288, 199939, 61, 11898, 50, 11
151, 148339, 39685, 199940, 60, 11916, 49, 11
152, 147923, 40084, 199945, 55, 11938, 48, 7
153, 147507, 40481, 199947, 53, 11959, 46, 7
154, 147092, 40879, 199947, 53, 11976, 47, 6
155, 146679, 41274, 199946, 54, 11993, 44, 10
156, 146267, 41673, 199952, 48, 12012, 40, 8
157, 145859, 42069, 199957, 43, 12029, 34, 9
158, 145440, 42467, 199954, 46, 12047, 40, 6
159, 145032, 42864, 199956, 44, 12060, 36, 8
160, 144625, 43262, 199959, 41, 12072, 34, 7
161, 144214, 43659, 199966, 34, 12093, 26, 8
162, 143802, 44059, 199965, 35, 12104, 30, 5
163, 143394, 44458, 199965, 35, 12113, 31, 4
164, 142983, 44854, 199964, 36, 12127, 31, 5
165, 142573, 45254, 199966, 34, 12139, 29, 5
166, 142169, 45651, 199968, 32, 12148, 25, 7
167, 141763, 46049, 199975, 25, 12163, 20, 5
168, 141361, 46448, 199982, 18, 12173, 12, 6
169, 140960, 46846, 199986, 14, 12180, 9, 5
170, 140557, 47242, 199987, 13, 12188, 6, 7
171, 140151, 47642, 199984, 16, 12191, 10, 6
172, 139748, 48042, 199984, 16, 12194, 12, 4
173, 139342, 48442, 199985, 15, 12201, 15, 0
174, 138938, 48841, 199986, 14, 12207, 13, 1
175, 138536, 49240, 199986, 14, 12210, 12, 2
176, 138132, 49638, 199986, 14, 12216, 10, 4
177, 137729, 50037, 199987, 13, 12221, 9, 4
178, 137326, 50437, 199987, 13, 12224, 10, 3
179, 136918, 50836, 199984, 16, 12230, 14, 2
180, 136515, 51234, 199983, 17, 12234, 14, 3
181, 136112, 51634, 199983, 17, 12237, 14, 3
182, 135707, 52032, 199985, 15, 12246, 11, 4
183, 135303, 52431, 199985, 15, 12251, 12, 3
184, 134898, 52829, 199981, 19, 12254, 14, 5
185, 134490, 53226, 199977, 23, 12261, 17, 6
186, 134084, 53624, 199974, 26, 12266, 19, 7
187, 133681, 54023, 199977, 23, 12273, 17, 6
188, 133275, 54421, 199980, 20, 12284, 15, 5
189, 132868, 54819, 199979, 21, 12292, 16, 5
190, 132465, 55216, 199977, 23, 12296, 16, 7
191, 132062, 55614, 199980, 20, 12304, 13, 7
192, 131660, 56012, 199985, 15, 12313, 8, 7
193, 131258, 56411, 199988, 12, 12319, 8, 4
194, 130857, 56811, 199992, 8, 12324, 5, 3
195, 130457, 57210, 199995, 5, 12328, 3, 2
196, 130057, 57610, 199998, 2, 12331, 1, 1
197, 129656, 58010, 199998, 2, 12332, 1, 1
198, 129255, 58410, 199998, 2, 12333, 2, 0
199, 128853, 58810, 199996, 4, 12333, 4, 0
200, 128451, 59210, 199995, 5, 12334, 5, 0
201, 128051, 59609, 199995, 5, 12335, 4, 1
202, 127648, 60009, 199994, 6, 12337, 5, 1
203, 127247, 60409, 199995, 5, 12339, 4, 1
204, 126847, 60809, 199996, 4, 12340, 4, 0
205, 126447, 61209, 199999, 1, 12343, 1, 0
206, 126046, 61609, 199999, 1, 12344, 1, 0
207, 125646, 62009, 199999, 1, 12344, 1, 0
208, 125245, 62408, 199997, 3, 12344, 2, 1
209, 124844, 62808, 199997, 3, 12345, 2, 1
210, 124444, 63207, 199996, 4, 12345, 2, 2
211, 124043, 63607, 199997, 3, 12347, 2, 1
212, 123643, 64007, 199998, 2, 12348, 1, 1
213, 123243, 64407, 199999, 1, 12349, 1, 0
214, 122842, 64806, 199998, 2, 12350, 1, 1
215, 122440, 65206, 199996, 4, 12350, 3, 1
216, 122039, 65606, 199995, 5, 12350, 4, 1
217, 121639, 66006, 199997, 3, 12352, 3, 0
218, 121239, 66406, 199999, 1, 12354, 1, 0
219, 120839, 66805, 199999, 1, 12355, 0, 1
220, 120439, 67205, 199999, 1, 12355, 0, 1
221, 120039, 67605, 199999, 1, 12355, 0, 1
222, 119639, 68005, 200000, 0, 12356, 0, 0
223, 119239, 68405, 200000, 0, 12356, 0, 0
224, 118839, 68805, 200000, 0, 12356, 0, 0
225, 118439, 69205, 200000, 0, 12356, 0, 0
226, 118039, 69605, 200000, 0, 12356, 0, 0
227, 117639, 70005, 200000, 0, 12356, 0, 0
228, 117239, 70405, 200000, 0, 12356, 0, 0
229, 116839, 70805, 200000, 0, 12356, 0, 0
230, 116439, 71205, 200000, 0, 12356, 0, 0
231, 116039, 71605, 200000, 0, 12356, 0, 0
232, 115639, 72005, 200000, 0, 12356, 0, 0
233, 115239, 72405, 200000, 0, 12356, 0, 0
234, 114839, 72805, 200000, 0, 12356, 0, 0
235, 114439, 73205, 200000, 0, 12356, 0, 0
236, 114039, 73605, 200000, 0, 12356, 0, 0
237, 113639, 74005, 200000, 0, 12356, 0, 0
238, 113239, 74405, 200000, 0, 12356, 0, 0
239, 112839, 74805, 200000, 0, 12356, 0, 0
240, 112439, 75205, 200000, 0, 12356, 0, 0
241, 112039, 75605, 200000, 0, 12356, 0, 0
242, 111639, 76005, 200000, 0, 12356, 0, 0
243, 111239, 76405, 200000, 0, 12356, 0, 0
244, 110839, 76805, 200000, 0, 12356, 0, 0
245, 110439, 77205, 200000, 0, 12356, 0, 0
246, 110039, 77605, 200000, 0, 12356, 0, 0
247, 109639, 78005, 200000, 0, 12356, 0, 0
248, 109239, 78405, 200000, 0, 12356, 0, 0
249, 108839, 78805, 200000, 0, 12356, 0, 0
250, 108439, 79205, 200000, 0, 12356, 0, 0
251, 108039, 79605, 200000, 0, 12356, 0, 0
252, 107639, 80005, 200000, 0, 12356, 0, 0
253, 107239, 80405, 200000, 0, 12356, 0, 0
254, 106839, 80805, 200000, 0, 12356, 0, 0
255, 106439, 81205, 200000, 0, 12356, 0, 0
256, 106039, 81605, 200000, 0, 12356, 0, 0
257, 105639, 82005, 200000, 0, 12356, 0, 0
258, 105239, 82405, 200000, 0, 12356, 0, 0
259, 104839, 82805, 200000, 0, 12356, 0, 0
260, 104439, 83205, 200000, 0, 12356, 0, 0
261, 104039, 83605, 200000, 0, 12356, 0, 0
262, 103639, 84005, 200000, 0, 12356, 0, 0
263, 103239, 84405, 200000, 0, 12356, 0, 0
264, 102839, 84805, 200000, 0, 12356, 0, 0
265, 102439, 85205, 200000, 0, 12356, 0, 0
266, 102039, 85605, 200000, 0, 12356, 0, 0
267, 101639, 86005, 200000, 0, 12356, 0, 0
268, 101239, 86405, 200000, 0, 12356, 0, 0
269, 100839, 86805, 200000, 0, 12356, 0, 0
270, 100439, 87205, 200000, 0, 12356, 0, 0
271, 100039, 87605, 200000, 0, 12356, 0, 0
272, 99639, 88005, 200000, 0, 12356, 0, 0
273, 99239, 88405, 200000, 0, 12356, 0, 0
274, 98839, 88805, 200000, 0, 12356, 0, 0
275, 98439, 89205, 200000, 0, 12356, 0, 0
276, 98039, 89605, 200000, 0, 12356, 0, 0
277, 97639, 90005, 200000, 0, 12356, 0, 0
278, 97239, 90405, 200000, 0, 12356, 0, 0
279, 96839, 90805, 200000, 0, 12356, 0, 0
280, 96439, 91205, 200000, 0, 12356, 0, 0
281, 96039, 91605, 200000, 0, 12356, 0, 0
282, 95639, 92005, 200000, 0, 12356, 0, 0
283, 95239, 92405, 200000, 0, 12356, 0, 0
284, 94839, 92805, 200000, 0, 12356, 0, 0
285, 94439, 93205, 200000, 0, 12356, 0, 0
286, 94039, 93605, 200000, 0, 12356, 0, 0
287, 93639, 94005, 200000, 0, 12356, 0, 0
288, 93239, 94405, 200000, 0, 12356, 0, 0
289, 92839, 94805, 200000, 0, 12356, 0, 0
290, 92439, 95205, 200000, 0, 12356, 0, 0
291, 92039, 95605, 200000, 0, 12356, 0, 0
292, 91639, 96005, 200000, 0, 12356, 0, 0
293, 91239, 96405, 200000, 0, 12356, 0, 0
294, 90839, 96805, 200000, 0, 12356, 0, 0
295, 90439, 97205, 200000, 0, 12356, 0, 0
296, 90039, 97605, 200000, 0, 12356, 0, 0
297, 89639, 98005, 200000, 0, 12356, 0, 0
298, 89239, 98405, 200000, 0, 12356, 0, 0
299, 88839, 98805, 200000, 0, 12356, 0, 0
300, 88439, 99205, 200000, 0, 12356, 0, 0
301, 88039, 99605, 200000, 0, 12356, 0, 0
302, 87639, 100005, 200000, 0, 12356, 0, 0
303, 87239, 100405, 200000, 0, 12356, 0, 0
304, 86839, 100805, 200000, 0, 12356, 0, 0
305, 86439, 101205, 200000, 0, 12356, 0, 0
306, 86039, 101605, 200000, 0, 12356, 0, 0
307, 85639, 102005, 200000, 0, 12356, 0, 0
308, 85239, 102405, 200000, 0, 12356, 0, 0
309, 84839, 102805, 200000, 0, 12356, 0, 0
310, 84439, 103205, 200000, 0, 12356, 0, 0
311, 84039, 103605, 200000, 0, 12356, 0, 0
312, 83639, 104005, 200000, 0, 12356, 0, 0
313, 83239, 104405, 200000, 0, 12356, 0, 0
314, 82839, 104805, 200000, 0, 12356, 0, 0
315, 82439, 105205, 200000, 0, 12356, 0, 0
316, 82039, 105605, 200000, 0, 12356, 0, 0
317, 81639, 106005, 200000, 0, 12356, 0, 0
318, 81239, 106405, 200000, 0, 12356, 0, 0
319, 80839, 106805, 200000, 0, 12356, 0, 0
320, 80439, 107205, 200000, 0, 12356, 0, 0
321, 80039, 107605, 200000, 0, 12356, 0, 0
322, 79639, 108005, 200000, 0, 12356, 0, 0
323, 79239, 108405, 200000, 0, 12356, 0, 0
324, 78839, 108805, 200000, 0, 12356, 0, 0
325, 78439, 109205, 200000, 0, 12356, 0, 0
326, 78039, 109605, 200000, 0, 12356, 0, 0
327, 77639, 110005, 200000, 0, 12356, 0, 0
328, 77239, 110405, 200000, 0, 12356, 0, 0
329, 76839, 110805, 200000, 0, 12356, 0, 0
330, 76439, 111205, 200000, 0, 12356, 0, 0
331, 76039, 111605, 200000, 0, 12356, 0, 0
332, 75639, 112005, 200000, 0, 12356, 0, 0
333, 75239, 112405, 200000, 0, 12356, 0, 0
334, 74839, 112805, 200000, 0, 12356, 0, 0
335, 74439, 113205, 200000, 0, 12356, 0, 0
336, 74039, 113605, 200000, 0, 12356, 0, 0
337, 73639, 114005, 200000, 0, 12356, 0, 0
338, 73239, 114405, 200000, 0, 12356, 0, 0
339, 72839, 114805, 200000, 0, 12356, 0, 0
340, 72439, 115205, 200000, 0, 12356, 0, 0
341, 72039, 115605, 200000, 0, 12356, 0, 0
342, 71639, 116005, 200000, 0, 12356, 0, 0
343, 71239, 116405, 200000, 0, 12356, 0, 0
344, 70839, 116805, 200000, 0, 12356, 0, 0
345, 70439, 117205, 200000, 0, 12356, 0, 0
346, 70039, 117605, 200000, 0, 12356, 0, 0
347, 69639, 118005, 200000, 0, 12356, 0, 0
348, 69239, 118405, 200000, 0, 12356, 0, 0
349, 68839, 118805, 200000, 0, 12356, 0, 0
350, 68439, 119205, 200000, 0, 12356, 0, 0
351, 68039, 119605, 200000, 0, 12356, 0, 0
352, 67639, 120005, 200000, 0, 12356, 0, 0
353, 67239, 120405, 200000, 0, 12356, 0, 0
354, 66839, 120805, 200000, 0, 12356, 0, 0
355, 66439, 121205, 200000, 0, 12356, 0, 0
356, 66039, 121605, 200000, 0, 12356, 0, 0
357, 65639, 122005, 200000, 0, 12356, 0, 0
358, 65239, 122405, 200000, 0, 12356, 0, 0
359, 64839, 122805, 200000, 0, 12356, 0, 0
360, 64439, 123205, 200000, 0, 12356, 0, 0
361, 64039, 123605, 200000, 0, 12356, 0, 0
362, 63639, 124005, 200000, 0, 12356, 0, 0
363, 63239, 124405, 200000, 0, 12356, 0, 0
364, 62839, 124805, 200000, 0, 12356, 0, 0
365, 62439, 125205, 200000, 0, 12356, 0, 0
366, 62039, 125605, 200000, 0, 12356, 0, 0
367, 61639, 126005, 200000, 0, 12356, 0, 0
368, 61239, 126405, 200000, 0, 12356, 0, 0
369, 60839, 126805, 200000, 0, 12356, 0, 0
370, 60439, 127205, 200000, 0, 12356, 0, 0
371, 60039, 127605, 200000, 0, 12356, 0, 0
372, 59639, 128005, 200000, 0, 12356, 0, 0
373, 59239, 128405, 200000, 0, 12356, 0, 0
374, 58839, 128805, 200000, 0, 12356, 0, 0
375, 58439, 129205, 200000, 0, 12356, 0, 0
376, 58039, 129605, 200000, 0, 12356, 0, 0
377, 57639, 130005, 200000, 0, 12356, 0, 0
378, 57239, 130405, 200000, 0, 12356, 0, 0
379, 56839, 130805, 200000, 0, 12356, 0, 0
380, 56439, 131205, 200000, 0, 12356, 0, 0
381, 56039, 131605, 200000, 0, 12356, 0, 0
382, 55639, 132005, 200000, 0, 12356, 0, 0
383, 55239, 132405, 200000, 0, 12356, 0, 0
384, 54839, 132805, 200000, 0, 12356, 0, 0
385, 54439, 133205, 200000, 0, 12356, 0, 0
386, 54039, 133605, 200000, 0, 12356, 0, 0
387, 53639, 134005, 200000, 0, 12356, 0, 0
388, 53239, 134405, 200000, 0, 12356, 0, 0
389, 52839, 134805, 200000, 0, 12356, 0, 0
390, 52439, 135205, 200000, 0, 12356, 0, 0
391, 52039, 135605, 200000, 0, 12356, 0, 0
392, 51639, 136005, 200000, 0, 12356, 0, 0
393, 51239, 136405, 200000, 0, 12356, 0, 0
394, 50839, 136805, 200000, 0, 12356, 0, 0
395, 50439, 137205, 200000, 0, 12356, 0, 0
396, 50039, 137605, 200000, 0, 12356, 0, 0
397, 49639, 138005, 200000, 0, 12356, 0, 0
398, 49239, 138405, 200000, 0, 12356, 0, 0
399, 48839, 138805, 200000, 0, 12356, 0, 0
400, 48439, 139205, 200000, 0, 12356, 0, 0
