Timestep, S, V, S+V, I+VI, R, I, VI
1, 199989, 0, 199989, 11, 0, 11, 0
2, 199985, 0, 199985, 15, 0, 15, 0
3, 199979, 0, 199979, 21, 0, 21, 0
4, 199965, 0, 199976, 24, 11, 24, 0
5, 199954, 0, 199969, 31, 15, 31, 0
6, 199938, 0, 199959, 41, 21, 41, 0
7, 199925, 0, 199960, 40, 35, 40, 0
8, 199918, 0, 199964, 36, 46, 36, 0
9, 199900, 0, 199962, 38, 62, 38, 0
10, 199883, 0, 199958, 42, 75, 42, 0
11, 199872, 0, 199954, 46, 82, 46, 0
12, 199856, 0, 199956, 44, 100, 44, 0
13, 199836, 0, 199953, 47, 117, 47, 0
14, 199818, 0, 199946, 54, 128, 54, 0
15, 199798, 0, 199942, 58, 144, 58, 0
16, 199778, 0, 199942, 58, 164, 58, 0
17, 199746, 0, 199928, 72, 182, 72, 0
18, 199727, 0, 199929, 71, 202, 71, 0
19, 199705, 0, 199927, 73, 222, 73, 0
20, 199677, 0, 199931, 69, 254, 69, 0
21, 199653, 0, 199926, 74, 273, 74, 0
22, 199621, 0, 199916, 84, 295, 84, 0
23, 199593, 0, 199916, 84, 323, 84, 0
24, 199566, 0, 199913, 87, 347, 87, 0
25, 199541, 0, 199920, 80, 379, 80, 0
26, 199517, 0, 199924, 76, 407, 76, 0
27, 199488, 0, 199922, 78, 434, 78, 0
28, 199462, 0, 199921, 79, 459, 79, 0
29, 199437, 0, 199920, 80, 483, 80, 0
30, 199406, 0, 199918, 82, 512, 82, 0
31, 199371, 0, 199909, 91, 538, 91, 0
32, 199338, 0, 199901, 99, 563, 99, 0
33, 199296, 0, 199890, 110, 594, 110, 0
34, 199261, 0, 199890, 110, 629, 110, 0
35, 199208, 0, 199870, 130, 662, 130, 0
36, 199166, 0, 199870, 130, 704, 130, 0
37, 199126, 0, 199865, 135, 739, 135, 0
38, 199072, 0, 199864, 136, 792, 136, 0
39, 199025, 0, 199859, 141, 834, 141, 0
40, 198974, 0, 199848, 152, 874, 152, 0
41, 198894, 0, 199822, 178, 928, 178, 0
42, 198840, 0, 199815, 185, 975, 185, 0
43, 198767, 0, 199793, 207, 1026, 207, 0
44, 198689, 0, 199795, 205, 1106, 205, 0
45, 198607, 0, 199767, 233, 1160, 233, 0
46, 198508, 0, 199741, 259, 1233, 259, 0
47, 198411, 0, 199722, 278, 1311, 278, 0
48, 198308, 0, 199701, 299, 1393, 299, 0
49, 198196, 0, 199688, 312, 1492, 312, 0
50, 198071, 0, 199660, 340, 1589, 340, 0
51, 197539, 398, 199629, 371, 1692, 369, 2
52, 197009, 797, 199610, 390, 1804, 388, 2
53, 196457, 1197, 199583, 417, 1929, 416, 1
54, 195906, 1595, 199564, 436, 2063, 434, 2
55, 195334, 1994, 199522, 478, 2194, 476, 2
56, 194768, 2393, 199507, 493, 2346, 491, 2
57, 194195, 2791, 199485, 515, 2499, 512, 3
58, 193631, 3190, 199493, 507, 2672, 504, 3
59, 193048, 3587, 199474, 526, 2839, 520, 6
60, 192475, 3984, 199473, 527, 3014, 523, 4
61, 191892, 4380, 199451, 549, 3179, 542, 7
62, 191310, 4775, 199450, 550, 3365, 540, 10
63, 190722, 5173, 199436, 564, 3541, 555, 9
64, 190123, 5570, 199421, 579, 3728, 572, 7
65, 189535, 5966, 199416, 584, 3915, 578, 6
66, 188923, 6363, 199391, 609, 4105, 602, 7
67, 188322, 6756, 199385, 615, 4307, 603, 12
68, 187709, 7149, 199357, 643, 4499, 629, 14
69, 187104, 7542, 199360, 640, 4714, 624, 16
70, 186503, 7935, 199360, 640, 4922, 624, 16
71, 185891, 8327, 199360, 640, 5142, 623, 17
72, 185277, 8715, 199346, 654, 5354, 631, 23
73, 184657, 9110, 199329, 671, 5562, 649, 22
74, 183999, 9504, 199285, 715, 5782, 695, 20
75, 183370, 9897, 199275, 725, 6008, 707, 18
76, 182720, 10283, 199236, 764, 6233, 739, 25
77, 182089, 10668, 199254, 746, 6497, 716, 30
78, 181447, 11058, 199238, 762, 6733, 731, 31
79, 180808, 11447, 199252, 748, 6997, 718, 30
80, 180173, 11832, 199248, 752, 7243, 722, 30
81, 179544, 12220, 199259, 741, 7495, 710, 31
82, 178885, 12609, 199239, 761, 7745, 729, 32
83, 178229, 12997, 199221, 779, 7995, 747, 32
84, 177569, 13383, 199188, 812, 8236, 776, 36
85, 176885, 13771, 199162, 838, 8506, 801, 37
86, 176196, 14153, 199123, 877, 8774, 834, 43
87, 175524, 14537, 199109, 891, 9048, 847, 44
88, 174829, 14929, 199102, 898, 9344, 857, 41
89, 174151, 15307, 199109, 891, 9651, 846, 45
90, 173478, 15695, 199112, 888, 9939, 848, 40
91, 172792, 16080, 199114, 886, 10242, 840, 46
92, 172128, 16467, 199137, 863, 10542, 825, 38
93, 171448, 16850, 199125, 875, 10827, 832, 43
94, 170760, 17237, 199125, 875, 11128, 838, 37
95, 170050, 17617, 199072, 928, 11405, 883, 45
96, 169345, 17999, 199046, 954, 11702, 906, 48
97, 168636, 18378, 199017, 983, 12003, 928, 55
98, 167914, 18758, 199005, 995, 12333, 939, 56
99, 167207, 19127, 198990, 1010, 12656, 940, 70
100, 166491, 19501, 198978, 1022, 12986, 946, 76
101, 165774, 19869, 198971, 1029, 13328, 942, 87
102, 165079, 20235, 198980, 1020, 13666, 932, 88
103, 164384, 20612, 199004, 996, 14008, 910, 86
104, 163682, 20985, 199024, 976, 14357, 898, 78
105, 162998, 21365, 199049, 951, 14686, 885, 66
106, 162324, 21732, 199060, 940, 15004, 865, 75
107, 161683, 22102, 199118, 882, 15333, 805, 77
108, 161020, 22468, 199125, 875, 15637, 785, 90
109, 160344, 22846, 199134, 866, 15944, 787, 79
110, 159676, 23225, 199116, 884, 16215, 811, 73
111, 159031, 23594, 199137, 863, 16512, 794, 69
112, 158403, 23969, 199182, 818, 16810, 749, 69
113, 157762, 24339, 199200, 800, 17099, 722, 78
114, 157111, 24715, 199201, 799, 17375, 725, 74
115, 156484, 25095, 199207, 793, 17628, 724, 69
116, 155842, 25467, 199208, 792, 17899, 724, 68
117, 155227, 25841, 199242, 758, 18174, 687, 71
118, 154575, 26210, 199206, 794, 18421, 710, 84
119, 153920, 26590, 199201, 799, 18691, 726, 73
120, 153277, 26958, 199167, 833, 18932, 751, 82
121, 152644, 27336, 199195, 805, 19215, 733, 72
122, 152019, 27709, 199218, 782, 19490, 706, 76
123, 151398, 28082, 199245, 755, 19765, 684, 71
124, 150761, 28446, 199227, 773, 20020, 685, 88
125, 150094, 28826, 199192, 808, 20272, 727, 81
126, 149466, 29192, 199178, 822, 20520, 734, 88
127, 148837, 29564, 199194, 806, 20793, 726, 80
128, 148200, 29940, 199220, 780, 21080, 697, 83
129, 147574, 30310, 199226, 774, 21342, 694, 80
130, 146978, 30677, 199254, 746, 21599, 662, 84
131, 146360, 31052, 199272, 728, 21860, 641, 87
132, 145765, 31422, 199303, 697, 22116, 610, 87
133, 145177, 31794, 199316, 684, 22345, 606, 78
134, 144617, 32167, 199372, 628, 22588, 547, 81
135, 144029, 32548, 199390, 610, 22813, 538, 72
136, 143453, 32919, 199401, 599, 23029, 528, 71
137, 142887, 33294, 199397, 603, 23216, 536, 67
138, 142304, 33679, 199406, 594, 23423, 530, 64
139, 141733, 34049, 199410, 590, 23628, 522, 68
140, 141165, 34422, 199406, 594, 23819, 528, 66
141, 140594, 34800, 199411, 589, 24017, 516, 73
142, 140052, 35180, 199450, 550, 24218, 485, 65
143, 139515, 35549, 199477, 523, 24413, 450, 73
144, 138981, 35928, 199515, 485, 24606, 414, 71
145, 138448, 36312, 199528, 472, 24768, 407, 65
146, 137919, 36680, 199535, 465, 24936, 399, 66
147, 137405, 37066, 199562, 438, 25091, 382, 56
148, 136890, 37444, 199574, 426, 25240, 362, 64
149, 136386, 37817, 199604, 396, 25401, 338, 58
150, 135878, 38197, 199604, 396, 25529, 331, 65
151, 135381, 38568, 199615, 385, 25666, 312, 73
152, 134878, 38952, 199627, 373, 25797, 309, 64
153, 134395, 39332, 199652, 348, 25925, 285, 63
154, 133908, 39717, 199676, 324, 26051, 276, 48
155, 133429, 40100, 199699, 301, 26170, 253, 48
156, 132952, 40486, 199711, 289, 26273, 246, 43
157, 132480, 40872, 199727, 273, 26375, 229, 44
158, 132013, 41259, 199743, 257, 26471, 219, 38
159, 131542, 41645, 199749, 251, 26562, 213, 38
160, 131076, 42030, 199754, 246, 26648, 205, 41
161, 130621, 42415, 199764, 236, 26728, 192, 44
162, 130159, 42803, 199775, 225, 26813, 184, 41
163, 129698, 43193, 199785, 215, 26894, 180, 35
164, 129254, 43577, 199795, 205, 26964, 170, 35
165, 128811, 43966, 199815, 185, 27038, 150, 35
166, 128366, 44354, 199829, 171, 27109, 133, 38
167, 127928, 44738, 199835, 165, 27169, 126, 39
168, 127495, 45128, 199846, 154, 27223, 117, 37
169, 127069, 45519, 199868, 132, 27280, 98, 34
170, 126644, 45909, 199887, 113, 27334, 84, 29
171, 126221, 46291, 199889, 111, 27377, 74, 37
172, 125786, 46687, 199885, 115, 27412, 83, 32
173, 125356, 47077, 199880, 120, 27447, 88, 32
174, 124923, 47469, 199880, 120, 27488, 100, 20
175, 124498, 47855, 199880, 120, 27527, 90, 30
176, 124066, 48250, 199883, 117, 27567, 92, 25
177, 123639, 48643, 199890, 110, 27608, 85, 25
178, 123211, 49035, 199893, 107, 27647, 87, 20
179, 122786, 49432, 199902, 98, 27684, 80, 18
180, 122355, 49829, 199902, 98, 27718, 84, 14
181, 121936, 50227, 199917, 83, 27754, 75, 8
182, 121512, 50621, 199915, 85, 27782, 74, 11
183, 121086, 51017, 199919, 81, 27816, 69, 12
184, 120660, 51412, 199909, 91, 27837, 76, 15
185, 120229, 51807, 199903, 97, 27867, 83, 14
186, 119805, 52201, 199903, 97, 27897, 81, 16
187, 119377, 52595, 199900, 100, 27928, 83, 17
188, 118944, 52990, 199898, 102, 27964, 85, 17
189, 118524, 53382, 199900, 100, 27994, 82, 18
190, 118105, 53774, 199907, 93, 28028, 73, 20
191, 117689, 54170, 199925, 75, 28066, 57, 18
192, 117267, 54567, 199928, 72, 28094, 58, 14
193, 116852, 54964, 199937, 63, 28121, 54, 9
194, 116431, 55360, 199932, 68, 28141, 58, 10
195, 116016, 55754, 199936, 64, 28166, 51, 13
196, 115603, 56146, 199933, 67, 28184, 49, 18
197, 115195, 56541, 199945, 55, 28209, 37, 18
198, 114788, 56938, 199956, 44, 28230, 29, 15
199, 114382, 57337, 199970, 30, 28251, 21, 9
200, 113973, 57734, 199971, 29, 28264, 22, 7
201, 113565, 58132, 199971, 29, 28274, 23, 6
202, 113157, 58530, 199968, 32, 28281, 25, 7
203, 112749, 58927, 199969, 31, 28293, 24, 7
204, 112339, 59325, 199967, 33, 28303, 26, 7
205, 111934, 59725, 199972, 28, 28313, 23, 5
206, 111528, 60123, 199975, 25, 28324, 21, 4
207, 111125, 60517, 199978, 22, 28336, 15, 7
208, 110719, 60916, 199976, 24, 28341, 16, 8
209, 110316, 61314, 199979, 21, 28349, 13, 8
210, 109912, 61714, 199984, 16, 28358, 13, 3
211, 109508, 62114, 199987, 13, 28365, 11, 2
212, 109106, 62513, 199989, 11, 28370, 10, 1
213, 108703, 62913, 199990, 10, 28374, 9, 1
214, 108300, 63312, 199990, 10, 28378, 8, 2
215, 107897, 63709, 199987, 13, 28381, 9, 4
216, 107497, 64109, 199990, 10, 28384, 6, 4
217, 107097, 64507, 199992, 8, 28388, 3, 5
218, 106696, 64907, 199997, 3, 28394, 1, 2
219, 106296, 65307, 199997, 3, 28394, 1, 2
220, 105895, 65707, 199998, 2, 28396, 2, 0
221, 105493, 66107, 199997, 3, 28397, 3, 0
222, 105093, 66506, 199996, 4, 28397, 3, 1
223, 104692, 66906, 199996, 4, 28398, 3, 1
224, 104292, 67306, 199998, 2, 28400, 1, 1
225, 103891, 67706, 199998, 2, 28401, 2, 0
226, 103487, 68106, 199995, 5, 28402, 5, 0
227, 103084, 68506, 199992, 8, 28402, 8, 0
228, 102682, 68905, 199990, 10, 28403, 9, 1
229, 102281, 69303, 199991, 9, 28407, 6, 3
230, 101881, 69702, 199993, 7, 28410, 3, 4
231, 101478, 70101, 199992, 8, 28413, 4, 4
232, 101078, 70500, 199994, 6, 28416, 3, 3
233, 100676, 70899, 199992, 8, 28417, 5, 3
234, 100273, 71299, 199993, 7, 28421, 5, 2
235, 99872, 71699, 199993, 7, 28422, 6, 1
236, 99472, 72099, 199996, 4, 28425, 4, 0
237, 99071, 72499, 199998, 2, 28428, 2, 0
238, 98671, 72899, 199999, 1, 28429, 1, 0
239, 98271, 73297, 199997, 3, 28429, 1, 2
240, 97871, 73697, 199998, 2, 28430, 0, 2
241, 97471, 74097, 199998, 2, 28430, 0, 2
242, 97071, 74497, 200000, 0, 28432, 0, 0
243, 96671, 74897, 200000, 0, 28432, 0, 0
244, 96271, 75297, 200000, 0, 28432, 0, 0
245, 95871, 75697, 200000, 0, 28432, 0, 0
246, 95471, 76097, 200000, 0, 28432, 0, 0
247, 95071, 76497, 200000, 0, 28432, 0, 0
248, 94671, 76897, 200000, 0, 28432, 0, 0
249, 94271, 77297, 200000, 0, 28432, 0, 0
250, 93871, 77697, 200000, 0, 28432, 0, 0
251, 93471, 78097, 200000, 0, 28432, 0, 0
252, 93071, 78497, 200000, 0, 28432, 0, 0
253, 92671, 78897, 200000, 0, 28432, 0, 0
254, 92271, 79297, 200000, 0, 28432, 0, 0
255, 91871, 79697, 200000, 0, 28432, 0, 0
256, 91471, 80097, 200000, 0, 28432, 0, 0
257, 91071, 80497, 200000, 0, 28432, 0, 0
258, 90671, 80897, 200000, 0, 28432, 0, 0
259, 90271, 81297, 200000, 0, 28432, 0, 0
260, 89871, 81697, 200000, 0, 28432, 0, 0
261, 89471, 82097, 200000, 0, 28432, 0, 0
262, 89071, 82497, 200000, 0, 28432, 0, 0
263, 88671, 82897, 200000, 0, 28432, 0, 0
264, 88271, 83297, 200000, 0, 28432, 0, 0
265, 87871, 83697, 200000, 0, 28432, 0, 0
266, 87471, 84097, 200000, 0, 28432, 0, 0
267, 87071, 84497, 200000, 0, 28432, 0, 0
268, 86671, 84897, 200000, 0, 28432, 0, 0
269, 86271, 85297, 200000, 0, 28432, 0, 0
270, 85871, 85697, 200000, 0, 28432, 0, 0
271, 85471, 86097, 200000, 0, 28432, 0, 0
272, 85071, 86497, 200000, 0, 28432, 0, 0
273, 84671, 86897, 200000, 0, 28432, 0, 0
274, 84271, 87297, 200000, 0, 28432, 0, 0
275, 83871, 87697, 200000, 0, 28432, 0, 0
276, 83471, 88097, 200000, 0, 28432, 0, 0
277, 83071, 88497, 200000, 0, 28432, 0, 0
278, 82671, 88897, 200000, 0, 28432, 0, 0
279, 82271, 89297, 200000, 0, 28432, 0, 0
280, 81871, 89697, 200000, 0, 28432, 0, 0
281, 81471, 90097, 200000, 0, 28432, 0, 0
282, 81071, 90497, 200000, 0, 28432, 0, 0
283, 80671, 90897, 200000, 0, 28432, 0, 0
284, 80271, 91297, 200000, 0, 28432, 0, 0
285, 79871, 91697, 200000, 0, 28432, 0, 0
286, 79471, 92097, 200000, 0, 28432, 0, 0
287, 79071, 92497, 200000, 0, 28432, 0, 0
288, 78671, 92897, 200000, 0, 28432, 0, 0
289, 78271, 93297, 200000, 0, 28432, 0, 0
290, 77871, 93697, 200000, 0, 28432, 0, 0
291, 77471, 94097, 200000, 0, 28432, 0, 0
292, 77071, 94497, 200000, 0, 28432, 0, 0
293, 76671, 94897, 200000, 0, 28432, 0, 0
294, 76271, 95297, 200000, 0, 28432, 0, 0
295, 75871, 95697, 200000, 0, 28432, 0, 0
296, 75471, 96097, 200000, 0, 28432, 0, 0
297, 75071, 96497, 200000, 0, 28432, 0, 0
298, 74671, 96897, 200000, 0, 28432, 0, 0
299, 74271, 97297, 200000, 0, 28432, 0, 0
300, 73871, 97697, 200000, 0, 28432, 0, 0
301, 73471, 98097, 200000, 0, 28432, 0, 0
302, 73071, 98497, 200000, 0, 28432, 0, 0
303, 72671, 98897, 200000, 0, 28432, 0, 0
304, 72271, 99297, 200000, 0, 28432, 0, 0
305, 71871, 99697, 200000, 0, 28432, 0, 0
306, 71471, 100097, 200000, 0, 28432, 0, 0
307, 71071, 100497, 200000, 0, 28432, 0, 0
308, 70671, 100897, 200000, 0, 28432, 0, 0
309, 70271, 101297, 200000, 0, 28432, 0, 0
310, 69871, 101697, 200000, 0, 28432, 0, 0
311, 69471, 102097, 200000, 0, 28432, 0, 0
312, 69071, 102497, 200000, 0, 28432, 0, 0
313, 68671, 102897, 200000, 0, 28432, 0, 0
314, 68271, 103297, 200000, 0, 28432, 0, 0
315, 67871, 103697, 200000, 0, 28432, 0, 0
316, 67471, 104097, 200000, 0, 28432, 0, 0
317, 67071, 104497, 200000, 0, 28432, 0, 0
318, 66671, 104897, 200000, 0, 28432, 0, 0
319, 66271, 105297, 200000, 0, 28432, 0, 0
320, 65871, 105697, 200000, 0, 28432, 0, 0
321, 65471, 106097, 200000, 0, 28432, 0, 0
322, 65071, 106497, 200000, 0, 28432, 0, 0
323, 64671, 106897, 200000, 0, 28432, 0, 0
324, 64271, 107297, 200000, 0, 28432, 0, 0
325, 63871, 107697, 200000, 0, 28432, 0, 0
326, 63471, 108097, 200000, 0, 28432, 0, 0
327, 63071, 108497, 200000, 0, 28432, 0, 0
328, 62671, 108897, 200000, 0, 28432, 0, 0
329, 62271, 109297, 200000, 0, 28432, 0, 0
330, 61871, 109697, 200000, 0, 28432, 0, 0
331, 61471, 110097, 200000, 0, 28432, 0, 0
332, 61071, 110497, 200000, 0, 28432, 0, 0
333, 60671, 110897, 200000, 0, 28432, 0, 0
334, 60271, 111297, 200000, 0, 28432, 0, 0
335, 59871, 111697, 200000, 0, 28432, 0, 0
336, 59471, 112097, 200000, 0, 28432, 0, 0
337, 59071, 112497, 200000, 0, 28432, 0, 0
338, 58671, 112897, 200000, 0, 28432, 0, 0
339, 58271, 113297, 200000, 0, 28432, 0, 0
340, 57871, 113697, 200000, 0, 28432, 0, 0
341, 57471, 114097, 200000, 0, 28432, 0, 0
342, 57071, 114497, 200000, 0, 28432, 0, 0
343, 56671, 114897, 200000, 0, 28432, 0, 0
344, 56271, 115297, 200000, 0, 28432, 0, 0
345, 55871, 115697, 200000, 0, 28432, 0, 0
346, 55471, 116097, 200000, 0, 28432, 0, 0
347, 55071, 116497, 200000, 0, 28432, 0, 0
348, 54671, 116897, 200000, 0, 28432, 0, 0
349, 54271, 117297, 200000, 0, 28432, 0, 0
350, 53871, 117697, 200000, 0, 28432, 0, 0
351, 53471, 118097, 200000, 0, 28432, 0, 0
352, 53071, 118497, 200000, 0, 28432, 0, 0
353, 52671, 118897, 200000, 0, 28432, 0, 0
354, 52271, 119297, 200000, 0, 28432, 0, 0
355, 51871, 119697, 200000, 0, 28432, 0, 0
356, 51471, 120097, 200000, 0, 28432, 0, 0
357, 51071, 120497, 200000, 0, 28432, 0, 0
358, 50671, 120897, 200000, 0, 28432, 0, 0
359, 50271, 121297, 200000, 0, 28432, 0, 0
360, 49871, 121697, 200000, 0, 28432, 0, 0
361, 49471, 122097, 200000, 0, 28432, 0, 0
362, 49071, 122497, 200000, 0, 28432, 0, 0
363, 48671, 122897, 200000, 0, 28432, 0, 0
364, 48271, 123297, 200000, 0, 28432, 0, 0
365, 47871, 123697, 200000, 0, 28432, 0, 0
366, 47471, 124097, 200000, 0, 28432, 0, 0
367, 47071, 124497, 200000, 0, 28432, 0, 0
368, 46671, 124897, 200000, 0, 28432, 0, 0
369, 46271, 125297, 200000, 0, 28432, 0, 0
370, 45871, 125697, 200000, 0, 28432, 0, 0
371, 45471, 126097, 200000, 0, 28432, 0, 0
372, 45071, 126497, 200000, 0, 28432, 0, 0
373, 44671, 126897, 200000, 0, 28432, 0, 0
374, 44271, 127297, 200000, 0, 28432, 0, 0
375, 43871, 127697, 200000, 0, 28432, 0, 0
376, 43471, 128097, 200000, 0, 28432, 0, 0
377, 43071, 128497, 200000, 0, 28432, 0, 0
378, 42671, 128897, 200000, 0, 28432, 0, 0
379, 42271, 129297, 200000, 0, 28432, 0, 0
380, 41871, 129697, 200000, 0, 28432, 0, 0
381, 41471, 130097, 200000, 0, 28432, 0, 0
382, 41071, 130497, 200000, 0, 28432, 0, 0
383, 40671, 130897, 200000, 0, 28432, 0, 0
384, 40271, 131297, 200000, 0, 28432, 0, 0
385, 39871, 131697, 200000, 0, 28432, 0, 0
386, 39471, 132097, 200000, 0, 28432, 0, 0
387, 39071, 132497, 200000, 0, 28432, 0, 0
388, 38671, 132897, 200000, 0, 28432, 0, 0
389, 38271, 133297, 200000, 0, 28432, 0, 0
390, 37871, 133697, 200000, 0, 28432, 0, 0
391, 37471, 134097, 200000, 0, 28432, 0, 0
392, 37071, 134497, 200000, 0, 28432, 0, 0
393, 36671, 134897, 200000, 0, 28432, 0, 0
394, 36271, 135297, 200000, 0, 28432, 0, 0
395, 35871, 135697, 200000, 0, 28432, 0, 0
396, 35471, 136097, 200000, 0, 28432, 0, 0
397, 35071, 136497, 200000, 0, 28432, 0, 0
398, 34671, 136897, 200000, 0, 28432, 0, 0
399, 34271, 137297, 200000, 0, 28432, 0, 0
400, 33871, 137697, 200000, 0, 28432, 0, 0
