Closeness:
[0.04, 0.034482758620689655, 0.03225806451612903, 0.03125, 0.030303030303030304, 0.02857142857142857, 0.02631578947368421, 0.02564102564102564, 0.024390243902439025, 0.023255813953488372, 0.023255813953488372, 0.022727272727272728, 0.021739130434782608, 0.021739130434782608, 0.020833333333333332, 0.020833333333333332, 0.02, 0.018867924528301886, 0.018867924528301886, 0.017857142857142856]

Nearness:
[1.4202898550724636, 1.2597402597402596, 1.150793650793651, 1.1499208379003776, 0.9553571428571428, 0.9519230769230769, 0.8242424242424242, 0.7864468864468864, 0.7088235294117646, 0.6774132730015083, 0.6678321678321678, 0.6539682539682539, 0.6483333333333333, 0.6416666666666666, 0.6364468864468864, 0.6337662337662338, 0.6325757575757576, 0.6277777777777778, 0.6166666666666667, 0.5766233766233766]

Degree
[7, 7, 7, 6, 6, 6, 6, 6, 6, 6, 6, 5, 5, 5, 5, 5, 4, 4, 4, 4]

Adjacency
[0.4801587301587302, 0.4745532245532245, 0.4595959595959596, 0.4525252525252525, 0.4166666666666667, 0.39999999999999997, 0.39999999999999997, 0.39999999999999997, 0.36507936507936506, 0.33888888888888885, 0.32051282051282054, 0.31666666666666665, 0.3088023088023088, 0.3, 0.3, 0.2936507936507936, 0.28888888888888886, 0.2857142857142857, 0.25, 0.25]