Closeness:
[0.16666666666666666, 0.14285714285714285, 0.125, 0.125, 0.1111111111111111, 0.1111111111111111, 0.1111111111111111, 0.1111111111111111, 0.1111111111111111, 0.1111111111111111, 0.1, 0.1, 0.1, 0.1, 0.1, 0.1, 0.1, 0.1, 0.09090909090909091, 0.09090909090909091]

Nearness:
[3.0, 2.5, 2.3333333333333335, 2.333333333333333, 2.333333333333333, 2.333333333333333, 2.1666666666666665, 2.1666666666666665, 2.1666666666666665, 2.0, 2.0, 2.0, 2.0, 2.0, 2.0, 2.0, 1.8333333333333333, 1.8333333333333333, 1.8333333333333333, 1.8333333333333333]

Degree
[145, 136, 135, 128, 123, 123, 121, 119, 118, 117, 117, 116, 116, 110, 109, 109, 108, 105, 105, 105]

Adjacency
[0.47547147871511247, 0.44904753767003813, 0.4458854567701698, 0.4440321455313394, 0.43553592769375943, 0.4141025405241831, 0.41100375193571353, 0.39933139438840726, 0.39734877835184146, 0.39378137992190315, 0.39034969996872404, 0.3833336364839608, 0.3749524262760391, 0.3713502583169521, 0.3660603356792687, 0.36198281556876066, 0.36178441804307043, 0.36032221608693454, 0.35729118338233323, 0.34724238393099244]