Closeness:
[0.09090909090909091, 0.1111111111111111, 0.1, 0.16666666666666666, 0.1, 0.2, 0.09090909090909091, 0.25, 0.16666666666666666, 0.1111111111111111, 0.14285714285714285, 0.25]

Nearness:
[1.6666666666666665, 2.3333333333333335, 2.333333333333333, 1.4999999999999998, 2.833333333333333, 3.333333333333333, 2.333333333333333, 2.5, 2.0, 1.9166666666666665, 3.0, 3.3333333333333335]

Degree
[1, 1, 1, 5, 1, 6, 3, 4, 3, 4, 4, 1]

Adjacency
[-0.6666666666666666, -0.6666666666666666, -0.6666666666666666, 0.5151515151515151, -0.6666666666666666, 0.22626262626262625, -0.20634920634920637, 0.021428571428571422, -0.20634920634920637, 0.1357142857142857, -0.01428571428571429, -0.6]